0.679837
0.679837
0.679837
0.679837
0.679837
0.679837
0.679837
0.679837
0.679837
0.679837
0.679837
0.679837
0.679837
0.679837
0.679837
0.679837
0.679837
0.679837
0.679837
0.679837
0.679837
0.679837
0.679837
0.679837
0.679837
0.679837
0.679837
0.679837
0.679837
0.679837
0.679837
0.679837
0.543517
0.543517
0.543517
0.543517
0.543517
0.543517
0.543517
0.543517
0.543517
0.543517
0.543517
0.543517
0.543517
0.543517
0.543517
0.543517
0.543517
0.543517
0.543517
0.543517
0.543517
0.543517
0.543517
0.543517
0.543517
0.543517
0.543517
0.543517
0.543517
0.543517
0.543517
0.543517
0.418811
0.418811
0.418811
0.418811
0.418811
0.418811
0.418811
0.418811
0.418811
0.418811
0.418811
0.418811
0.418811
0.418811
0.418811
0.418811
0.418811
0.418811
0.418811
0.418811
0.418811
0.418811
0.418811
0.418811
0.418811
0.418811
0.418811
0.418811
0.418811
0.418811
0.418811
0.418811
0.791067
0.791067
0.791067
0.791067
0.791067
0.791067
0.791067
0.791067
0.791067
0.791067
0.791067
0.791067
0.791067
0.791067
0.791067
0.791067
0.791067
0.791067
0.791067
0.791067
0.791067
0.791067
0.791067
0.791067
0.791067
0.791067
0.791067
0.791067
0.791067
0.791067
0.791067
0.791067
0.645547
0.645547
0.645547
0.645547
0.645547
0.645547
0.645547
0.645547
0.645547
0.645547
0.645547
0.645547
0.645547
0.645547
0.645547
0.645547
0.645547
0.645547
0.645547
0.645547
0.645547
0.645547
0.645547
0.645547
0.645547
0.645547
0.645547
0.645547
0.645547
0.645547
0.645547
0.645547
0.33027
0.33027
0.33027
0.33027
0.33027
0.33027
0.33027
0.33027
0.33027
0.33027
0.33027
0.33027
0.33027
0.33027
0.33027
0.33027
0.33027
0.33027
0.33027
0.33027
0.33027
0.33027
0.33027
0.33027
0.33027
0.33027
0.33027
0.33027
0.33027
0.33027
0.33027
0.33027
0.488757
0.488757
0.488757
0.488757
0.488757
0.488757
0.488757
0.488757
0.488757
0.488757
0.488757
0.488757
0.488757
0.488757
0.488757
0.488757
0.488757
0.488757
0.488757
0.488757
0.488757
0.488757
0.488757
0.488757
0.488757
0.488757
0.488757
0.488757
0.488757
0.488757
0.488757
0.488757
0.366648
0.366648
0.366648
0.366648
0.366648
0.366648
0.366648
0.366648
0.366648
0.366648
0.366648
0.366648
0.366648
0.366648
0.366648
0.366648
0.366648
0.366648
0.366648
0.366648
0.366648
0.366648
0.366648
0.366648
0.366648
0.366648
0.366648
0.366648
0.366648
0.366648
0.366648
0.366648
0.619796
0.619796
0.619796
0.619796
0.619796
0.619796
0.619796
0.619796
0.619796
0.619796
0.619796
0.619796
0.619796
0.619796
0.619796
0.619796
0.619796
0.619796
0.619796
0.619796
0.619796
0.619796
0.619796
0.619796
0.619796
0.619796
0.619796
0.619796
0.619796
0.619796
0.619796
0.619796
0.677785
0.677785
0.677785
0.677785
0.677785
0.677785
0.677785
0.677785
0.677785
0.677785
0.677785
0.677785
0.677785
0.677785
0.677785
0.677785
0.677785
0.677785
0.677785
0.677785
0.677785
0.677785
0.677785
0.677785
0.677785
0.677785
0.677785
0.677785
0.677785
0.677785
0.677785
0.677785
0.702301
0.702301
0.702301
0.702301
0.702301
0.702301
0.702301
0.702301
0.702301
0.702301
0.702301
0.702301
0.702301
0.702301
0.702301
0.702301
0.702301
0.702301
0.702301
0.702301
0.702301
0.702301
0.702301
0.702301
0.702301
0.702301
0.702301
0.702301
0.702301
0.702301
0.702301
0.702301
0.462259
0.462259
0.462259
0.462259
0.462259
0.462259
0.462259
0.462259
0.462259
0.462259
0.462259
0.462259
0.462259
0.462259
0.462259
0.462259
0.462259
0.462259
0.462259
0.462259
0.462259
0.462259
0.462259
0.462259
0.462259
0.462259
0.462259
0.462259
0.462259
0.462259
0.462259
0.462259
0.481099
0.481099
0.481099
0.481099
0.481099
0.481099
0.481099
0.481099
0.481099
0.481099
0.481099
0.481099
0.481099
0.481099
0.481099
0.481099
0.481099
0.481099
0.481099
0.481099
0.481099
0.481099
0.481099
0.481099
0.481099
0.481099
0.481099
0.481099
0.481099
0.481099
0.481099
0.481099
0.40124
0.40124
0.40124
0.40124
0.40124
0.40124
0.40124
0.40124
0.40124
0.40124
0.40124
0.40124
0.40124
0.40124
0.40124
0.40124
0.40124
0.40124
0.40124
0.40124
0.40124
0.40124
0.40124
0.40124
0.40124
0.40124
0.40124
0.40124
0.40124
0.40124
0.40124
0.40124
0.634111
0.634111
0.634111
0.634111
0.634111
0.634111
0.634111
0.634111
0.634111
0.634111
0.634111
0.634111
0.634111
0.634111
0.634111
0.634111
0.634111
0.634111
0.634111
0.634111
0.634111
0.634111
0.634111
0.634111
0.634111
0.634111
0.634111
0.634111
0.634111
0.634111
0.634111
0.634111
0.326572
0.326572
0.326572
0.326572
0.326572
0.326572
0.326572
0.326572
0.326572
0.326572
0.326572
0.326572
0.326572
0.326572
0.326572
0.326572
0.326572
0.326572
0.326572
0.326572
0.326572
0.326572
0.326572
0.326572
0.326572
0.326572
0.326572
0.326572
0.326572
0.326572
0.326572
0.326572
