3.5645832882157604
3.6848729905269932
3.72736577207075
3.7444234727113845
3.771738719603738
3.7400874895037477
3.740154490434886
3.8516348914785885
3.5384446708967032
3.437513376773835
3.6472432202915206
3.6518396565988196
3.699265811219763
3.6422065255825244
3.8128428428874925
3.6006809066346355
3.6432690631260263
3.8243310469159915
3.7842890494625463
3.478828915120114
2.9695026431091494
3.6402300664315357
3.7518193610896686
3.8691714610621433
3.8162934827893986
3.7995006128793527
3.8825013930641985
3.6055050740709773
3.5501674875646194
3.7861354578721182
3.7433974147880056
3.7398039820817965
3.632782152017898
3.6760249928185402
3.7718486387910004
3.7365737318042513
3.7889726702506294
3.9323888776713867
3.9881908685500655
3.9065709665788235
3.9040758882593365
3.7805844010822143
3.7764446293472664
2.501635753424374
1.903812624075341
2.884331483018573
3.6944188139383436
3.8494338958772367
4.0781039126059
3.823069854990991
3.5831141903980197
3.667784279334768
3.6211160842631402
3.6346318077004383
3.7670616743376177
3.6952974029214856
3.685077141889591
3.7197368586709842
