0.1850527732532803
0.178329667921976
0.17706614206468363
0.1775895926221662
0.1762372138030896
0.1847176245932558
0.18751303254579446
0.17141979314373898
0.20172284303093024
0.19645188400800478
0.18020390304575498
0.16422986759382008
0.1800065324916222
0.1742333036285139
0.16724133519498852
0.1917605658888278
0.1849478728123709
0.16095320848068906
0.1679753634695772
0.18757408852065788
0.25580257557949326
0.20479175165473595
0.182715556028004
0.16537661550936744
0.17671769563135198
0.1660734385735837
0.17970711823448843
0.1835331171646883
0.18659297592398205
0.1741725804638036
0.16463996780797857
0.1729330162473836
0.189136896261275
0.16944258253624966
0.17790210003657203
0.17704942276633176
0.17232507076846132
0.16513649905915423
0.15926082981507766
0.16040914815209922
0.17313545986625747
0.16374895230327927
0.18254164959937985
0.34049676161086284
0.4672903404299813
0.2967590024883878
0.17891322280290325
0.1735032156805067
0.1636905393007102
0.1807969492280381
0.18171758325206688
0.18870064288397914
0.18455696271662506
0.18027237314476185
0.17077417679757104
0.17924950495534592
0.20644825753957347
0.19894537391240355
