0.19519185147187607
0.1866490379933887
0.17702329583211635
0.1800141995082727
0.17669474611205796
0.1772991304570215
0.18499607150452146
0.1723661800764111
0.19774134712864644
0.20480271285334037
0.19165272277306952
0.18923572424216456
0.1859604455882498
0.1876830813164043
0.17891682106047568
0.19584654518970013
0.1884179988492339
0.1746345815932984
0.17772923626717782
0.2049393275783852
0.26258524258578336
0.19506118656913857
0.17796192612199507
0.1704334577686187
0.17771962207432795
0.1780814863427774
0.170687516111404
0.1938062667381758
0.1998837290350169
0.17718520824266287
0.17709551992170378
0.17983914962899508
0.18811354299289468
0.18516108309610108
0.18371867114822962
0.1870965199404058
0.17634310423875088
0.1652534931322069
0.15942549571664388
0.1686937950895878
0.17066255803876637
0.17660193890756157
0.17902788741431536
0.3327589489346198
0.4470107064274188
0.2783702613811901
0.1888762530082476
0.17857008692109305
0.15946516238409908
0.17748601360909552
0.19358423919330814
0.1908623060423516
0.19240102127625683
0.1924015139019829
0.18153548407188963
0.1849385650907856
0.19254666141464163
0.18360943550353245
