0.1889037747069542
0.18751906276441943
0.16944689440801997
0.16757854907117853
0.17839965224149515
0.16753119431807273
0.18382341378456019
0.1805515396708997
0.18335137143976027
0.18357104623764448
0.18949822033480931
0.1864952722610653
0.18374520870981198
0.17973601241214815
0.17109177625698546
0.1807825312130494
0.1714524264942367
0.16079363523660825
0.17123143196240798
0.20684372678751836
0.2634228958216187
0.20499515725373002
0.18335556687928112
0.16575598057531427
0.1678041740508542
0.16602044256401996
0.18315915805683727
0.18988755596718437
0.1858177996162284
0.1771538751422224
0.16956121651434916
0.16960987995600804
0.17873962266112098
0.1809054738183005
0.1853858978068676
0.18437130072363903
0.18414287140705965
0.17528788863346925
0.1703936565411704
0.16647265546825646
0.1676548722208785
0.18075262066783157
0.18464930529636986
0.2966989959551885
0.4167157671848079
0.2587478827152958
0.18459394260261308
0.1804915630269065
0.18221915804324323
0.16984574858917295
0.1845390842940845
0.1998395614205443
0.20724186299897734
0.1967502317327928
0.15943139854584054
0.17677269790918554
0.18545877917904668
0.17066114189264853
