0.1886286454100738
0.18610378532655086
0.17600849055293177
0.17578436250235152
0.1705581942619928
0.17376758601057432
0.19086111595025806
0.19690798200563908
0.19018908961155573
0.19146322004113867
0.1763855910004217
0.1767180419392882
0.17273540280377997
0.19123034868519015
0.1761961767234704
0.19754611343248946
0.20049608636126512
0.1758249149467852
0.1759201684380754
0.1925568346292199
0.2573464442407594
0.21399598851460114
0.16380120244329685
0.1778885986849228
0.17091892396826344
0.1704537594506863
0.18156644742244096
0.1989139771673995
0.20637661877049268
0.18721320810999653
0.16572384305548632
0.15498170765941077
0.1833592115042094
0.17888893683736848
0.1766544521942422
0.16919842054834633
0.18253796958804797
0.17124458945083978
0.18275635298738685
0.17206431738028558
0.16773123953310348
0.17597542765966745
0.173681000933807
0.2902160642702666
0.3952513509504627
0.2660120716896992
0.1727159979439662
0.16589626927473064
0.17151947007884155
0.16868407795677265
0.17628755459965792
0.19519744305374004
0.17430020493135034
0.18272425724932378
0.17394007749928728
0.19383357426913278
0.21193808081888832
0.21152875178911762
