0.260416666666667 0.15519364977789793 0.11764047992251409 0.1581870288635615 0.24698745290876786 0.21005593873951445 0.2430024178461733 0.13733802781285204 0.20772741177136742 0.1606516582445489 0.1638676029849247 0.19036682938353153 0.14475719376401333 0.17479585413348617 0.1405995887420928 0.15660978002388823 0.21952092324976621 0.15556992809282255 0.14531976556984524 0.2751258700288065 0.09848086297874319 
0.325520833333333 0.19101819666644346 0.20721123742257871 0.1308979653356993 0.17966797202332754 0.23492919394738349 0.19169395818741067 0.21932473236823266 0.20104772668946447 0.17795870739492595 0.21896403747482107 0.1853040923422282 0.18031147098907263 0.14775200722985346 0.11325135833493448 0.18312364976933196 0.15574292191192207 0.17877562467132613 0.18848761908598957 0.26642423395562753 0.28708552090456035 
0.390625 0.16810935964511523 0.135397542611994 0.19991227217768512 0.14992434502670407 0.20322062680030137 0.18231471571103294 0.13715496489562076 0.21041370586153132 0.19617498292104849 0.17006775546706568 0.16373363950789552 0.14662542392561131 0.18858239622483478 0.17561590697011095 0.19925379509375235 0.13098964175657457 0.28732158271787067 0.19373076342741816 0.3246288871133679 0.2614388530092548 
0.455729166666667 0.18578534879904682 0.1886216791652242 0.17124387901763388 0.16348676038324164 0.20793799663605575 0.1375056122437335 0.135876412708679 0.20362291914904063 0.20175619340109283 0.23407828899493555 0.1174746396619383 0.1628538921304822 0.16651383684736443 0.18778643078277307 0.2598487284858022 0.10814683164517376 0.2384551532970728 0.23999704982081946 0.24629592489566407 0.23651535100440743 
0.520833333333333 0.21356910256427433 0.12966356811608765 0.16514482981736645 0.2161331069507227 0.26098232592020626 0.1978517846694438 0.13656035218683543 0.16476244340891422 0.14730000917972538 0.19898291344600824 0.14450839477591437 0.1788617100599823 0.12599916282842885 0.1306107804147667 0.2788696592629422 0.13510596340707648 0.1985344624835788 0.198273787716425 0.18473876177942447 0.1730672748032937 
0.5859375 0.20171981938033287 0.11742960557511552 0.11092486424194091 0.1592375250626485 0.1982107136947084 0.18176989181264722 0.1160212398550372 0.14396650491189406 0.14813331004213642 0.13175562949324382 0.1329702668770228 0.17487362806879697 0.17196089307623533 0.16893112094428414 0.16002243219528106 0.21389341395869343 0.13424938081586812 0.1443516889301751 0.17107294325861658 0.15069100405842992 
0.651041666666667 0.135500336089987 0.169520884184324 0.12486324329789367 0.18268621841203952 0.24375452624796023 0.19475803034084835 0.10507937144091246 0.13180525939030657 0.1594841297147384 0.20459737175034398 0.11593799699060957 0.20549422703877515 0.20529268732881945 0.2586831006796216 0.11678308720665574 0.2212050822320577 0.1759979979903526 0.1664515060981528 0.11700556426792365 0.16548383005539602 
0.716145833333333 0.1963671263902685 0.12896464223502419 0.24125984407934858 0.17300457941318095 0.29343335626083683 0.22313275871604407 0.17628111091739893 0.16892541358548696 0.13492600000569585 0.20617577240574486 0.16821730081387945 0.183833265920881 0.20089339816072216 0.27641197511021065 0.10096405661938901 0.30173100845626555 0.19294765445778547 0.20038085562541214 0.1441315907499972 0.1970032128727803 
0.78125 0.25497741547154634 0.1302145280660718 0.13213096203148164 0.1973999082142956 0.28814389378264443 0.17712442359583103 0.21451071160550378 0.17315100162129324 0.1776160090368617 0.2748411251992331 0.16448842772892552 0.30863315857483303 0.14355335517076692 0.1795639114453762 0.14671644777897083 0.22853900364309218 0.21430157484462606 0.19996027641496256 0.16371376627082185 0.22196361622083008 
0.846354166666667 0.20806634012189565 0.15810386832278897 0.1570536170552565 0.23033025226325954 0.15063177283708365 0.15607891477440755 0.20869789208230713 0.1745453438939153 0.243684514978689 0.30649401392099546 0.14093418943655717 0.2503465946363997 0.20529009223442996 0.1756021119219595 0.14328446519110402 0.1680824341367133 0.20422754460815606 0.15187859589816516 0.2403664445880799 0.249642346067137 
0.911458333333333 0.19921367523253786 0.23477686404477063 0.21710793259175298 0.10196317273527128 0.1317932769607145 0.2599886754959949 0.16597806288629208 0.24490209333091806 0.24991987497417864 0.1310919014122757 0.1761986978582157 0.2300469493351271 0.17625046092863214 0.1723808602846625 0.13670661859475458 0.1694435833394857 0.19084994936062769 0.1558365304398286 0.24421270023443936 0.18586428130177124 
0.9765625 0.19469989997950002 0.2403507294590597 0.1729771527882918 0.0860382473339806 0.14727951705178205 0.2469581352740981 0.16069584382419372 0.2709838570699781 0.19921301661186794 0.11727086113299005 0.22056551782621833 0.17472458764547064 0.15458769096605188 0.19332393044912558 0.14292816454367516 0.2185789391535495 0.13136788329960708 0.11279257953803822 0.1779355598793631 0.20737815762058606 
1.04166666666667 0.20891299551948495 0.15069308008028431 0.16866042011399085 0.13422556747254347 0.16692309878046602 0.171560161605032 0.20264106504275933 0.11973069117041805 0.1703276669780463 0.15290656573180442 0.2692376976037856 0.16547244258947844 0.1297019370274561 0.18908120251542185 0.1663637735742532 0.10804791732577466 0.14267438598013943 0.13665989543661944 0.20923159493164045 0.16687433748037295 
1.10677083333333 0.145685183672677 0.153686741786351 0.16932069947305317 0.15460602962865128 0.1739089467426863 0.16474752803653311 0.20999299884205777 0.1527529142452237 0.15907383426729574 0.2001212403791121 0.24575628199970248 0.17531157140833295 0.13944456026147647 0.13515298552841112 0.20264518383426897 0.14182037486569551 0.2257759101561357 0.1805611881203144 0.2112207146824358 0.1342099225364702 
1.171875 0.14907074417871455 0.20701052318138718 0.2605904608952555 0.1851970077995501 0.1258296093982706 0.17847644421770745 0.23365036979286205 0.11076048594773236 0.17139926200721953 0.21571239733378714 0.17094619575472178 0.145533375742981 0.17252223286077742 0.20638593178256742 0.20589827759087564 0.1871561251865283 0.19943050884775165 0.24518459162075384 0.16986452477436273 0.1987130900352439 
1.23697916666667 0.1518349488362056 0.23761083201869362 0.20829049071805383 0.16345923347383337 0.1985611249792125 0.1261574516310438 0.2277483623980824 0.22998153450786685 0.16303175428903155 0.2275862457841523 0.2598767975435226 0.16964270710474508 0.1296606803322905 0.29223289017810766 0.18375780912586673 0.2099316296792756 0.18788153206292194 0.18154716565348447 0.1659072728312645 0.15253394989966115 
1.30208333333333 0.15623031887782837 0.13846383218006916 0.14700624632833525 0.14479718520868093 0.1828839683338332 0.13373664946179487 0.19672564483987298 0.17031402651564223 0.16567580516587455 0.14229072031298112 0.24751471075276693 0.20063725468486954 0.14835985371357763 0.1826006150367072 0.17015579398170153 0.21412980837816264 0.14306932927777968 0.19274883856698027 0.15624657554518342 0.12135346005321777 
1.3671875 0.1609459238401438 0.16124143769286248 0.24988413567508175 0.16714476451500457 0.14247919247964158 0.19663198832419476 0.17732025347364055 0.18530848043094209 0.18311608957934505 0.1606484744088339 0.17905014504339603 0.17228665179068917 0.15190912069668377 0.17263440840127392 0.1804760503854703 0.2763890199259162 0.22580232209138126 0.23210296426493426 0.19911420883610143 0.09284288221431225 
1.43229166666667 0.17567433663425416 0.23572348394288647 0.21975566197863317 0.1958704815592705 0.21665744091503675 0.20212565951891465 0.14859641628285303 0.1643558589959038 0.22599652620829633 0.1804971281363197 0.18352836145064072 0.14239337690431908 0.14713577170531117 0.19108497516459888 0.26052757903958323 0.21162930514813336 0.15986709039795266 0.23317538372188754 0.22018910356578042 0.15302566582333973 
1.49739583333333 0.2115748051030366 0.1866515079035412 0.20373716044835605 0.2423407851811453 0.26749238745286275 0.20235214418387273 0.2289026579993443 0.11705272202115242 0.22636220179414648 0.18835136129787505 0.2285953866485004 0.14139981544505906 0.18414001945174532 0.19700455785736584 0.1850672325578778 0.16957519674287852 0.18593032166489207 0.17684295120084947 0.19477394837932926 0.1921239771201224 
1.5625 0.24929325306585015 0.14728134872664436 0.10409454410228693 0.20977882124235708 0.26669326790545395 0.1381676617038077 0.2511505177102034 0.23602553197672443 0.1466002958886148 0.1434554369539938 0.1764753542893711 0.1753049482203486 0.2200482695578219 0.11468635994558213 0.22292842422556886 0.18108166835536538 0.20696085301488143 0.23562926462401668 0.2982203291435523 0.1945823541238294 
1.62760416666667 0.236675336435459 0.18043854461278475 0.1630266914719915 0.1797174404591095 0.18935638452890036 0.19590922303731953 0.1508475276544579 0.22078302349861592 0.1633607920609909 0.11850026368600866 0.19184110968673232 0.14130589899390864 0.19755893879243003 0.214605455628155 0.2374541645317434 0.21286735142726515 0.2356723568213168 0.20904189774428059 0.2719021049416301 0.17574831622411946 
1.69270833333333 0.1331595225709386 0.17889702157102225 0.14052647406639024 0.1969994379520551 0.21357734118190874 0.2015077568351896 0.22383717069987447 0.1711928928300576 0.12581690674136883 0.15346366303547032 0.1780094138194336 0.17350044863932265 0.16011976189108978 0.12334274327991543 0.20225418302070547 0.1663908095324845 0.21573177072144115 0.15247009348515048 0.18097490954347367 0.18035349827969957 
1.7578125 0.1712247089285236 0.1928651179879384 0.19125203157672158 0.18731364023015676 0.2269242789148092 0.1895290597734279 0.19466754955234028 0.2379359719088525 0.1304981783980133 0.14163985487408687 0.2539912839770678 0.1985676243272372 0.1462420799046275 0.15949470582406253 0.14748365801022637 0.20799130617672648 0.2072190841012141 0.1441887978827033 0.17539649585660652 0.11686175951284854 
1.82291666666667 0.1750682130725619 0.28321642069695757 0.19599136106613607 0.13966085411677073 0.26664539305489676 0.20086632149339706 0.18286160799217818 0.20591506245964375 0.14662209720408625 0.18350559293587104 0.19832113955654415 0.19264492565906732 0.23092303782996793 0.12280419334629962 0.14025315285955184 0.18102441586471554 0.17623330612626828 0.16018312294420284 0.1894156549793242 0.17403614919053972 
1.88802083333333 0.16536759586277025 0.22241437981867682 0.20909301061651567 0.1766043212804126 0.22047657706080068 0.229576013501894 0.2534262354659482 0.19572189662627643 0.18383779391343355 0.21377083019974416 0.2750537620860161 0.09386814995289822 0.2897093471932985 0.19558881768307418 0.25621701519653334 0.1533056014357132 0.28167455211067266 0.24416900104573563 0.2133632392521299 0.11939801475731097 
1.953125 0.15686100504523923 0.22129392088216093 0.16053667306239014 0.25224556129204123 0.26996184298561227 0.2435097801097217 0.15393898010942883 0.20575579696341742 0.22877907454424687 0.17323731100355214 0.2378203274295943 0.15609624457065077 0.22463720715768856 0.23412461845894078 0.12419869253900175 0.17975737675026582 0.1871150726667491 0.34659909235821473 0.22398223453919563 0.13256628422189445 
2.01822916666667 0.24373842455555178 0.2029628603844385 0.17223014302330666 0.24390475190939137 0.22314950904017372 0.19156902047821092 0.11122853974926311 0.19929765825381007 0.21776902581067573 0.12130477602173602 0.1821860265549056 0.2233238513023834 0.1974742563144066 0.224910868803386 0.19588063015725293 0.31397862974252294 0.18915072509011666 0.2717334495266007 0.23017994315381193 0.23156030833308947 
2.08333333333333 0.1787398228274064 0.2446458661436256 0.12897321648385157 0.3702656730914705 0.1635132016272561 0.13414176024921856 0.14712348531702654 0.215096592846312 0.164255702390121 0.158462881306724 0.21469405412038053 0.21268023897037608 0.1898957076528862 0.18564744353664916 0.22774542403040662 0.21181369568212396 0.18678150125903015 0.18469222432148788 0.27329726960254735 0.25050353198658537 
2.1484375 0.15029020180358837 0.20534959099784694 0.18716992419191453 0.3251541624733845 0.1501946856874353 0.17548701983148637 0.1991076671198643 0.19696907263441807 0.11779264114871214 0.1980561904118052 0.1652853447227113 0.2120875308522003 0.16539334025503588 0.17072562084929785 0.15620833316615332 0.18780593878295915 0.16105407191386167 0.2002026059658255 0.20377569819345442 0.16387037070660537 
2.21354166666667 0.16464129512925718 0.1882175098084308 0.2076175667554737 0.2043290771160071 0.18665923704068402 0.18257141399740204 0.1709381549664388 0.1438494665340008 0.137780532827018 0.24586371860416556 0.1786469726011254 0.21927703492357156 0.15052439236858464 0.1714156783419773 0.18928297925107118 0.20458801727613007 0.11619004636977033 0.19666490864521619 0.17551753482897967 0.1292410917744306 
2.27864583333333 0.16083783027269336 0.12759985827066106 0.2064209479830697 0.12874100232066485 0.20077236416483674 0.13802401118489555 0.1945532972254867 0.15408720052275096 0.1518725206967549 0.32434944787831865 0.09218959736870859 0.16016995396216085 0.19241736710305732 0.2328082920518983 0.11337508479553138 0.1857719191975384 0.15070032347424206 0.20391788207023143 0.1741330404790706 0.20460306686735888 
2.34375 0.1878214917162604 0.2583355417605175 0.17334547626336294 0.14116700168135002 0.1764798589134344 0.15836801286254526 0.16770133485957053 0.17251880055812951 0.1572186613724626 0.32849571021601404 0.1602178085950698 0.22302730831950426 0.15797665852051787 0.20715113663818355 0.160821089443701 0.15098499381500086 0.1852158006196586 0.16117575613596685 0.1518955773046028 0.23096346769738846 
2.40885416666667 0.2012344513754968 0.26280912780863996 0.13993498206099506 0.2007585195056127 0.1621393419588053 0.1618378097409731 0.23441714403623437 0.1471130536069525 0.1524032107452839 0.2616631232618937 0.20410187308914748 0.21740611278642152 0.1374982080125023 0.1714198425473572 0.1762775703624612 0.1994895598164186 0.14587775965564925 0.18214717492657986 0.23081865697436632 0.24629702350078814 
2.47395833333333 0.19738121010518828 0.2479350888932105 0.16146650529885134 0.24177991669113955 0.22742035861490725 0.17891966952724395 0.21148435055951406 0.1946035190575104 0.13513734654641762 0.20064417394426232 0.11568743371286909 0.16877952747140668 0.16547757823749287 0.13662717398458352 0.2751725565398019 0.23485849111142457 0.1396938067788777 0.13959080288694045 0.22934567389587462 0.1875254869320678 
2.5390625 0.17443726202940701 0.23010716254001748 0.17806087615713628 0.12997694450294353 0.20212137889500853 0.16820225125182756 0.14885023485774876 0.09666484061164189 0.13641717000870354 0.11613955740944584 0.14515334572874425 0.17238610713056 0.16796847703066767 0.13977283863988268 0.20202591162877317 0.15786201175748843 0.15592505103768192 0.16107494580750556 0.16746283730752684 0.14054382801300655 
2.60416666666667 0.19078163456859334 0.13529516337922395 0.13602734607838166 0.1708981185924633 0.1848575736392166 0.163022121017334 0.1780702303757052 0.1800869950226006 0.16698740972209816 0.15918936039517662 0.15047580128571603 0.17966930110704407 0.18079143260572375 0.16331894995421886 0.20584094437800612 0.13077593997509138 0.1649346875489713 0.12201317398029168 0.18179793619189338 0.12956475723942604 
2.66927083333333 0.17891584841556696 0.1971781158445017 0.14022643444238658 0.2974327958977009 0.26583921124409543 0.18938207558917897 0.18592297455290155 0.2447243229053893 0.16439689218714743 0.1924229686097535 0.2046483131845958 0.16869805948159794 0.15772141370080467 0.2040104808147014 0.1942957965451837 0.12317311622876395 0.19335018735370757 0.18659589569235965 0.18965275189849962 0.22922997035584028 
2.734375 0.13874650091096855 0.2552758021081962 0.18862963546466374 0.2726018187420567 0.23110260588952589 0.24921110084876855 0.20309449669323867 0.2531755157149286 0.13812816462589655 0.13637042033639832 0.190341136449088 0.1961225810814287 0.16513220102700968 0.12553109421185127 0.1995905239514462 0.17489574884360448 0.24873309820971332 0.1534314705437064 0.25994959630940184 0.18072568353793816 
2.79947916666667 0.23097563802760776 0.18651204448294645 0.13929837650059199 0.14947152807243944 0.19023012802571052 0.2514263581390859 0.22046753700588964 0.1559942201186108 0.17037464573445385 0.1924596184976058 0.18013610216937798 0.1421745146278863 0.1986300079283813 0.1315382733769141 0.14299950695644578 0.11883855786263654 0.21395558464857345 0.11337733639140887 0.2690518128549011 0.10186393554299003 
2.86458333333333 0.17821632904816345 0.1551195390563133 0.1805474141876813 0.0999808800907116 0.1824502961708388 0.23193471694203682 0.17129018809557872 0.11769153206555356 0.12098444591413007 0.18988702245436603 0.1834180144149742 0.2073703073325479 0.2265873961570656 0.16663535498650706 0.20569059737112086 0.12096047226585041 0.18337472962756404 0.1737617319780434 0.1801505571473949 0.1265740464125297 
2.9296875 0.2104518466098281 0.17037547716525714 0.21942475380152324 0.16820632706089564 0.28715665631931503 0.17566770881308985 0.18826618894162458 0.14780102764070727 0.16255620659382158 0.12511777278013758 0.18721278636978372 0.15619274551044032 0.11582780230031542 0.19008552236121062 0.20566788952484963 0.12306138050126011 0.16697479148629313 0.18311179078092174 0.11496392100475948 0.18384998632966246 
2.99479166666667 0.22008511463254324 0.16166825295550105 0.1717500395897159 0.130263202075028 0.18484178373985852 0.15603448411285353 0.16790169569596572 0.1161798286224607 0.19681685099219776 0.2401949523060997 0.1628852533748263 0.1627505090641269 0.157787100685707 0.1601060878736598 0.18731483286037487 0.1772256986096531 0.175979719880943 0.15188202419205227 0.1675446051409506 0.25359759774372737 
3.05989583333333 0.27478457902260445 0.25244369771066405 0.2186277233747325 0.22251488490675303 0.3256272826605086 0.20004164287618922 0.22521115365962505 0.21144202659495676 0.26715058792953644 0.23119770558824645 0.16311493538316413 0.22171987281723118 0.26936434426282846 0.24561908617201275 0.4075023238472212 0.35540510495604216 0.273341609582098 0.19146145725516478 0.2385011557525936 0.2610439290408491 
3.125 0.43603012490630705 0.38434664368695115 0.37625110856589256 0.40903176683811987 0.4951403383864999 0.2942123268399768 0.3345685981497072 0.323910886498035 0.5124924178441683 0.46797311576179085 0.3530524546989732 0.30986163053841126 0.35665002431956006 0.47336335179934785 0.5610892346749777 0.5662546284330326 0.49412982645408543 0.3145205870138979 0.43573185644053397 0.3475260229936839 
3.19010416666667 0.2646283031855883 0.22411408675771957 0.2728046857110193 0.24535227107412902 0.31106981592162347 0.17795114207366222 0.22641194238846862 0.22821411938996108 0.36597060713198837 0.27879730779180373 0.26237465829445666 0.2112278357939594 0.2431838710952494 0.3283287578920405 0.3300855363502442 0.383829378705865 0.35716392688011805 0.286123983028187 0.2652510757223136 0.2841337337250201 
3.25520833333333 0.15886096587162096 0.1512140759880872 0.21712917909508747 0.15916917704417896 0.17432940383495332 0.20456178389567622 0.15731784300704835 0.20758831382202678 0.2011341105515873 0.09033227690303033 0.2135687791040677 0.18423882732072172 0.14487268012196478 0.15728236110149024 0.24357392646428888 0.19671945253883208 0.19118000473607671 0.1615178942853336 0.12993558583660697 0.2460436268409863 
3.3203125 0.15359954451479885 0.21499645456026859 0.14588531759978488 0.19663004730480405 0.19885556327466133 0.20696059527511898 0.1093682169975794 0.24572140965553754 0.21412996067180887 0.14320067593647323 0.2604065649592039 0.16509187681287174 0.16299642251806248 0.21323119474319788 0.26742414328267683 0.2400820113406475 0.21646058209214325 0.24016921148696962 0.163590049913222 0.19246754038489836 
3.38541666666667 0.16016689322172423 0.1351196735615782 0.2024629891389347 0.1563745815799184 0.1635377656448435 0.20073819824730005 0.11425015451475512 0.1757396090186946 0.20280828952123464 0.16473144533307532 0.21159625268086138 0.17121011520798998 0.18868479929972104 0.22296425699009623 0.2467980188269007 0.19261362408057484 0.20858831933736555 0.24557868231161148 0.16869327346842447 0.17801242501770714 
3.45052083333333 0.20439222479394728 0.17727100479102953 0.2415666156952431 0.11839815994347597 0.17334683218593838 0.16935448992072774 0.17715034218619527 0.16354547605653436 0.16943890904863443 0.3309512476187974 0.16220457419777845 0.13467634000691053 0.18865550059041772 0.223099278749328 0.20348325352867885 0.1944673302523176 0.22778177651940423 0.13483772744431433 0.22809750718725474 0.20735455419851426 
3.515625 0.16633066647216352 0.13654133410867525 0.18868209999633745 0.20801597086191864 0.20001170558013912 0.15298458638604456 0.15497072850597787 0.1121775800659413 0.20075347423181558 0.23515740663490822 0.21167963302584925 0.14105551259270704 0.2508709419806921 0.1907073172780659 0.12772691571676853 0.21176737964716072 0.2236743204694486 0.24927096406531218 0.19738907029986744 0.19457832246266485 
3.58072916666667 0.17558716624643148 0.15281207203249952 0.16467781046314123 0.21402676479526717 0.22700731842320085 0.13945878600148834 0.15936645454694434 0.19140627369104374 0.1652993071757507 0.1561835315111914 0.20454042826672644 0.1276930825046577 0.24025093470328882 0.22109008432214125 0.15432107918646523 0.20408793297248393 0.18967750510082929 0.2970916119872864 0.16052136484187735 0.2147248782357776 
3.64583333333333 0.15534326797636627 0.13217016798248946 0.16088150768068193 0.19359493521764845 0.17322753877408795 0.12554973118134016 0.13203858221198475 0.28115382546889034 0.16074875755854515 0.134902976614996 0.12960506764159233 0.15040592661315863 0.22294885876174517 0.21780427780694034 0.24658960229104268 0.13194322641839595 0.21161672785503866 0.14255111400871606 0.16679317742943112 0.22450153627234581 
3.7109375 0.2592964183071004 0.11689778660952427 0.16330686710127743 0.23589715523126994 0.23413204275386307 0.15998269983735522 0.16188852540478865 0.13980168972157841 0.1653624185625393 0.20050633486944786 0.17326457931139078 0.1400781848591385 0.17361391260063808 0.19051876171077534 0.2312389481502842 0.14942198128536124 0.26923881755567314 0.19133574253021107 0.20434220130352823 0.2099679190881121 
3.77604166666667 0.24830796657766377 0.10072154451531184 0.16729753704269631 0.18892745168873187 0.150387945500286 0.16448290202967353 0.1832173828749327 0.12198926276314201 0.18551823063588674 0.14268281575080358 0.1949927035203036 0.14996409321659424 0.19895348661057155 0.14537189285561544 0.20253446326360888 0.1972363806831714 0.27099180379462384 0.1731883817924089 0.22113583628504757 0.1261164266899399 
3.84114583333333 0.19020036255423534 0.13918105833915773 0.1571634864774463 0.15394265505398316 0.17979494160554993 0.16716145103683847 0.12943445839572904 0.20668985992575378 0.15891798192124412 0.26424450308254127 0.15730848351579912 0.2058654623432222 0.2655039663215602 0.12194776541317584 0.17705672355759655 0.21356918611327075 0.20673040206813023 0.2676354538637076 0.26268588521048175 0.17173294158003125 
3.90625 0.21747107376071878 0.2463241714812158 0.23460028089024756 0.1297538345401665 0.16961923135438112 0.16884297271748183 0.16631613396366704 0.22056949306816828 0.18560767450808657 0.22802632404643805 0.16673007010670887 0.18328980377335696 0.19524603900283344 0.12985674546507328 0.17077731195542054 0.1290944421798423 0.16173437264063809 0.2747939657196676 0.19990697362036636 0.17871949744633847 
3.97135416666667 0.18734455305803602 0.16887370490103992 0.20381162801408315 0.14769999626682817 0.28918362253435026 0.14806130896518024 0.22225493086647816 0.2331466415738799 0.2033400861954255 0.23872140303336198 0.18429135743723968 0.17380326330258267 0.18908940108198957 0.16321830349928745 0.16873008224863031 0.12992781733401873 0.1995455325448794 0.25266790087677926 0.1900038313337337 0.1291260323095215 
