0.260416666666667 0.17414107444616428 0.13172266912697636 0.15243118600942265 0.2087750461472695 0.19111160783256928 0.1772013902489179 0.11225687149844024 0.14539016268818378 0.23669325600500873 0.17231096119237005 0.26258516867741744 0.1737948931034571 0.23087587563877185 0.2009596847256805 0.23234309489433486 0.1833359176430543 
0.325520833333333 0.2839152820923491 0.23026565403458532 0.22759517406680307 0.16401322140241192 0.18090413671227087 0.2142484194505212 0.1610415031885007 0.298043988478131 0.29645110971314687 0.15194162016821147 0.20947953134590386 0.14901414021067214 0.19517492357574387 0.16074327359054338 0.18127783876217687 0.11833993789419861 
0.390625 0.25028485327421296 0.2874440668835467 0.16664789507491326 0.12512026497469209 0.19398589148267942 0.14311971636342843 0.2022361285414095 0.26401114569427975 0.2652625201690001 0.10736244228540555 0.16628478184156806 0.14560278905362586 0.20711599895428995 0.16050360351496273 0.15234917988356309 0.13057415634704642 
0.455729166666667 0.1601780762899432 0.1741623262352167 0.18137664014692526 0.18245726005963925 0.17008445300105973 0.12914764683694135 0.2244001002252347 0.25624701185059046 0.12393088797751793 0.12161968930055105 0.2231149547807924 0.11450372460275397 0.1710971209306921 0.17503978551777558 0.2759530453230233 0.1914739926186263 
0.520833333333333 0.18398180775850434 0.17889368290627675 0.23869184292613543 0.1952603662200055 0.23234307942225554 0.19871842516113333 0.17870553748783205 0.20805364517734087 0.17648475068869524 0.1565571860418741 0.16575242555388692 0.15821583438833073 0.17184343217925938 0.21241035417899706 0.2138730323523105 0.14841451464766608 
0.5859375 0.1964249441119617 0.1945466840685203 0.15962159872135387 0.1540029645733675 0.20446691532854888 0.1077943955927285 0.17815262608327695 0.18493633311931676 0.18964243650116538 0.1806406256636418 0.13445926584034498 0.18273344281346277 0.14467012351170336 0.22428806789280364 0.14813353815507438 0.18316526510107803 
0.651041666666667 0.1875456146653323 0.15046876152545718 0.20500431903191424 0.17551155219324288 0.12309132479337029 0.11979509111473857 0.18210604469832106 0.13716862576346991 0.17922606894890597 0.20812903193036325 0.21091381471913964 0.2195082360433002 0.15391520863540317 0.2629241273216436 0.14559820656013384 0.20417401189943382 
0.716145833333333 0.17348207318220893 0.1774035996205631 0.2610054644332817 0.21073064402663091 0.10839781107265878 0.17232968908357957 0.19209342260757703 0.1691968670076077 0.1643499646821806 0.21909388508039293 0.16089135574747526 0.1920364055723715 0.17278398480182694 0.21677686118957987 0.14817918040282776 0.16899574617176244 
0.78125 0.12500116960149904 0.17057755430105803 0.2213407941542454 0.2053217251181897 0.18025257959954877 0.24966127170108965 0.3069511438237473 0.24498319018176068 0.16901483134341966 0.1829423654269278 0.21448938507247 0.24149243961453598 0.09877331360349406 0.1648081963642847 0.14263480244443646 0.1883740318196788 
0.846354166666667 0.1575139108327189 0.13226778358294858 0.22655132298885464 0.1635734660331116 0.14544560702832726 0.17869656222027414 0.21284765952492346 0.19512597776668117 0.20403813345505412 0.23118294922173163 0.2645444909771609 0.20574869707739596 0.19161457213181673 0.16106666824436758 0.23214557994026902 0.19576755192501016 
0.911458333333333 0.289356209638225 0.12709831863964685 0.26159410565863994 0.1767774050495897 0.1990445406106399 0.17678385478932515 0.18533847513898544 0.1921255538222908 0.1801748015224159 0.2342252399168179 0.23700917225998158 0.1998844544645258 0.16245594319166803 0.17427175797800293 0.24163821358172782 0.14533317583085514 
0.9765625 0.26241737581821045 0.15717135868293564 0.2706815434904608 0.1568886804407891 0.2443025316612259 0.1948939344292372 0.16333828696746244 0.21095893321848672 0.14525499950626725 0.2774595184676447 0.1897550105297552 0.18166132898035847 0.23292245068939152 0.16531641600884647 0.24636708713323033 0.19769368240474003 
1.04166666666667 0.1813015662058323 0.1812519801798009 0.1990036689880147 0.20767047883448855 0.273175576421569 0.16791536871535404 0.2623558012778101 0.23399810727651782 0.1404016082338466 0.15711721933589876 0.1391161327594827 0.15764204549471852 0.3095168979093282 0.17059490821224083 0.1778198084194982 0.1224649432726535 
1.10677083333333 0.1428548716340112 0.22630764509955173 0.1535660334454712 0.18335195256552958 0.25044943940649106 0.20897073585256765 0.2032343745438361 0.2050809168881971 0.16954623352871454 0.19207385699432422 0.1524553489304433 0.17634611822357774 0.24402826896452268 0.19241270142751118 0.21828979015359756 0.17100115730351112 
1.171875 0.16354502603931784 0.17264524339072815 0.1595008292314146 0.15401253948732904 0.1483511536679336 0.24284921291175568 0.2227535647543265 0.19036089379054272 0.16940957670869783 0.18838586330625295 0.20356195311806713 0.1728272934427816 0.19109057783826025 0.19650343274303803 0.2073404563149462 0.16990280254255238 
1.23697916666667 0.14736001036657345 0.2236578660346137 0.1373964521028063 0.17067767508006293 0.12399264937874509 0.15646146635524535 0.17877098342216352 0.23933917443994912 0.2078041315595452 0.20793965141778858 0.2815130776947406 0.1892342039946383 0.15075249888020453 0.17293046310293275 0.1629040092986214 0.13609852759028326 
1.30208333333333 0.22870057662217141 0.1777596742054179 0.22814692343303433 0.11334174264092496 0.20300866249730182 0.19373236023930399 0.18811280954401938 0.2019521863231623 0.24017865651149228 0.22903574309091973 0.23174665209402992 0.21410305898597 0.21520806717664798 0.1457314967088242 0.2203704655134738 0.14473352783756285 
1.3671875 0.2818544040692564 0.15681507944153647 0.26335895586419744 0.1031044739252063 0.263724255417684 0.16016842045511392 0.22016107939707052 0.17021015255100563 0.1677525272866691 0.276514738218966 0.16015535448148344 0.17468479927236097 0.13664725023478497 0.14678346229068448 0.24095127199443894 0.1380300095000734 
1.43229166666667 0.14400581524043465 0.15642120474003504 0.32900920728481753 0.12248824656053237 0.1849850956402716 0.1410467565839288 0.20006829168073237 0.22861102728080246 0.20130251743340813 0.14988051158403415 0.1755351717057074 0.16128083986287337 0.135251891400107 0.1315355570132556 0.16181352258889392 0.2854147231270442 
1.49739583333333 0.2069733427141099 0.16230697410780826 0.24901087493829732 0.10302601641453006 0.165671512297469 0.2255813494925607 0.24585825540983397 0.23030667657784498 0.1997201566011581 0.17751742020055042 0.18464963205907753 0.22432103556176067 0.24299359954582855 0.20503788690297423 0.15625612297689803 0.2747806962312656 
1.5625 0.2534173920123207 0.17944074912932337 0.20014988859626148 0.1429624139709878 0.22485576916198557 0.22393126569795152 0.23780048048198058 0.1695471394282035 0.1721771611976123 0.3245745837363452 0.13117709857203563 0.27154349256966515 0.34474732595128127 0.15439325593206604 0.22261849127933522 0.17401002198348262 
1.62760416666667 0.2214993366523602 0.18415428668952297 0.1819080040647602 0.11245374871691775 0.22053033332238264 0.18641146171756617 0.2867067176904492 0.17484150012954539 0.1498952789488983 0.2101629387434856 0.14760697995037217 0.18221020311829714 0.1628749791990018 0.1978522441821838 0.20238018833464128 0.18707188238993055 
1.69270833333333 0.1882381062853872 0.15591815221544883 0.12549923252212544 0.13229195989354273 0.163389974445733 0.17882702052892696 0.2373364100825833 0.09285576106784856 0.1727749936639297 0.21431446956742678 0.1492904695841752 0.17610202309247566 0.17015232399683092 0.20180722643743876 0.1426197070340301 0.22013993725225225 
1.7578125 0.15352110722394371 0.17956458174545223 0.18585848953877057 0.1680981960597616 0.14880429017433125 0.24291265324921563 0.2067507162240406 0.16383710342983654 0.24317851159135323 0.2046352773250557 0.14632248292081734 0.13822615951021833 0.16289072085230458 0.1438658572789407 0.17045983013403726 0.15355115056367954 
1.82291666666667 0.21333912634540433 0.2098982382763868 0.21436775209860046 0.15734684660063375 0.17660677162839308 0.1611524292623621 0.17483894987890383 0.14987340251663991 0.2718859430873566 0.14487849892327717 0.18715418889195232 0.12781071266205554 0.16323166942973474 0.16706809448618476 0.1442265053438037 0.10612756860917541 
1.88802083333333 0.20169157355252806 0.17170784288626717 0.19145926056378848 0.1357701282141909 0.2010126289099444 0.16492873488430884 0.14349404103900432 0.18840654198512477 0.26302507481004905 0.1345845197095686 0.20678056678329934 0.2575996167199147 0.21691782924881228 0.12262481870688619 0.14102881611428494 0.15581658672350057 
1.953125 0.16002003430780884 0.14460495376033344 0.17733550168790618 0.18862284085576442 0.19509194025702414 0.16232346864492708 0.14468259950234394 0.14705276394491484 0.15626789683724757 0.21745078319620276 0.20971064497385614 0.2628634396466868 0.1775282475806282 0.1574706569238626 0.15307547703960764 0.13087134521609153 
2.01822916666667 0.15915692604279827 0.15588980097499408 0.14799845163979786 0.19290061879220466 0.15140681294962813 0.14875985810486864 0.10407722895133871 0.14226281042575692 0.21112467111693844 0.23803382741789725 0.14289778805602152 0.1882543422325875 0.17373868355726768 0.19808077914797906 0.20577968318902548 0.10671370877964233 
2.08333333333333 0.1494920917955083 0.1625020645144585 0.1603014926607024 0.1502470824869402 0.1755296449323238 0.18030944515903 0.16463911796959688 0.10884131172565763 0.14505676729765343 0.22007181904070294 0.1767059021142524 0.14140867030779852 0.14371438248101778 0.1751884705061729 0.2387391700413255 0.12663036456059062 
2.1484375 0.20910718808699388 0.17750998209501553 0.16152730076190175 0.20060551232653792 0.1532005505475706 0.17577343904777207 0.1834590047771508 0.16147521404766707 0.17723987796397703 0.24148556181800473 0.19755463424777508 0.11535357520390097 0.12549932145981063 0.12731657036770455 0.24322060202212284 0.12088603325338246 
2.21354166666667 0.182685571294752 0.24082986453567132 0.15599072483213608 0.16652756437252175 0.2544223000778664 0.26034409249700446 0.1971600136142715 0.19768136123211827 0.19733997706464051 0.27210794996737625 0.17032631434902118 0.1119045763236002 0.20742631138144924 0.16886057943076888 0.22547872179283573 0.15651952989005033 
2.27864583333333 0.16842423578100119 0.2039797160239314 0.2222815805879892 0.18210784065658692 0.23540249475625136 0.22137753990571787 0.24313865188050748 0.2370468360602363 0.15948286322784813 0.2893643346003327 0.17790242669170683 0.26054832979127274 0.2707798679353529 0.1662423413379622 0.2467466328089567 0.10897235549628934 
2.34375 0.17405393430335372 0.19813829689555343 0.1769645753224604 0.20975143120526352 0.22003141110673166 0.2689332999503862 0.1684561309172428 0.19041900610877208 0.17797732374476566 0.20894713049998004 0.20088927326557823 0.20779076161944254 0.28690808953648184 0.23585588225040519 0.14994619548319932 0.18785518675458307 
2.40885416666667 0.14211206486656205 0.12533068496101346 0.19606211862781145 0.22474103392020547 0.16534384745408742 0.23690665282400492 0.15468416921936629 0.13079994711054682 0.18620198572814423 0.1488011621841676 0.2349202176732621 0.17857269194186615 0.2126576496826169 0.21438179465234078 0.15143266019401042 0.1077409507342462 
2.47395833333333 0.18722412601206118 0.17155441888500705 0.21156185923912962 0.14602879178959677 0.1822397248578778 0.21547895610434475 0.10840488736174198 0.1635590369012483 0.1686397726365923 0.15448491579716384 0.26058199095376094 0.13767617457821943 0.13164704444117833 0.2182279789748662 0.2188326973089275 0.13687671764012538 
2.5390625 0.22156928930567316 0.23624314380421987 0.18209723727705115 0.15489125681191815 0.16143040386325133 0.2682373538865274 0.12993949780611003 0.18940704285172175 0.13844007370427588 0.16984766541148957 0.25232651504575454 0.18697624814719296 0.14582710768426277 0.20906985885067172 0.16286340747287648 0.12014247451213242 
2.60416666666667 0.21112548414798732 0.1643087006954688 0.15265663613164643 0.14989179289982743 0.17549286362361088 0.23990445323126008 0.14798264023706953 0.15356492184974044 0.14591491134295423 0.18406693048673564 0.17489099251572504 0.18993969171548392 0.12584490151651984 0.1660133559405153 0.143983716025948 0.18725134977782454 
2.66927083333333 0.2058097534125547 0.19216101781714978 0.1580588453498097 0.14715288503256102 0.17509453625048396 0.14157606436475936 0.1873298776319324 0.15596097672836662 0.17191953571846122 0.1716768217940662 0.21590775357090247 0.15258697345221872 0.12865728567695636 0.12575629399717805 0.19375507756463023 0.21815215191392764 
2.734375 0.20478553817077075 0.24834172185470238 0.22839301444211438 0.13788472436116286 0.18138660820878147 0.13028194931525308 0.1804897976508179 0.17598402203009061 0.1654264741367847 0.1638259659916572 0.10537925418290944 0.21473715686557054 0.196878295724403 0.14759193205381166 0.17188791081454394 0.1318174058644545 
2.79947916666667 0.23481907497904075 0.23321390557685423 0.22190969675749012 0.14832922880632826 0.19582118364176884 0.1530447618853717 0.19632238273111516 0.19641623824255364 0.17592829104294783 0.1736879401601846 0.14576988721125037 0.2216747709448531 0.22252671673433827 0.1671031574128605 0.1814879390416566 0.12132093249984566 
2.86458333333333 0.18223110748458243 0.21423643905323192 0.18950649467566552 0.14341892346267443 0.19127665093724494 0.1748985470585812 0.1667838898409049 0.1287224296671761 0.18266724693358924 0.14346837874260052 0.18410904490511598 0.21325021040356093 0.24758015725705884 0.17724577390000576 0.15661526109145718 0.3232210639028182 
2.9296875 0.17118604908567608 0.17259524949286584 0.16182731165492098 0.17393658541155826 0.16050559436878792 0.17629289896317507 0.1342215412310051 0.14919422750889322 0.16031959444699864 0.1013907918106003 0.16902802176804066 0.17462763815282864 0.24480981508814728 0.142888735307645 0.1449702418738993 0.29930827645119773 
2.99479166666667 0.22656027837847983 0.1864335681294784 0.11919568860867108 0.16890429563048467 0.16042958847765426 0.17832460595980554 0.17675289440281555 0.14308371232051642 0.19094081004756178 0.12422251107940899 0.1703954583065862 0.17246626433892237 0.21650817278003442 0.1503413419110556 0.18983389789938082 0.281496839918557 
3.05989583333333 0.24983172577428023 0.24382568160188933 0.2505792721170042 0.29813282985252815 0.28711222236454825 0.23833016448205763 0.3062881054075815 0.15904242163880872 0.2821778294999399 0.3461537517356677 0.3361243752239151 0.23890567539448568 0.3070710056156878 0.17168303011617983 0.25883242868237116 0.28238945194954385 
3.125 0.33915182472009714 0.23746701816196117 0.3697515901767111 0.3954137390230488 0.44313403942363483 0.36112337568005837 0.40835391799368764 0.2739572026874797 0.4254492697611716 0.4992010337046201 0.49673374026744616 0.3882140915129594 0.528997426755073 0.34436569599856737 0.3406907968260403 0.318369881428701 
3.19010416666667 0.22779486253898795 0.155029570908381 0.24706792831631383 0.2805770857966223 0.3894874547284267 0.220273647843198 0.21253586482136125 0.19682100882785447 0.259172022991706 0.30215122766748426 0.3129031941943191 0.28204661374914514 0.3469868944730137 0.31524930438348714 0.2741625346017929 0.22148240758169097 
3.25520833333333 0.17683038157030972 0.1404870724526584 0.16944145141134775 0.21532421280970798 0.17245448380486247 0.14027063170514933 0.13163798721263015 0.22172775067225278 0.18303604821969777 0.19120763618579986 0.1352754472404283 0.18027206546076396 0.23068605290401795 0.24672483001034656 0.17506212393213696 0.2613100080619427 
3.3203125 0.22421194512836212 0.16297800596094708 0.19095345853104806 0.17904582832360633 0.1672362358543444 0.1090649014818676 0.24144169043920846 0.16701418634760973 0.14546511611246074 0.1929306043087751 0.1485225575654887 0.15870493512500752 0.22714110069606766 0.23452251277979738 0.2696108943032411 0.17088432208963 
3.38541666666667 0.2226577585925676 0.18075385647520073 0.10955009405308862 0.1476360422961382 0.19418289379053094 0.11372955773980432 0.2041128174687019 0.19550175453055801 0.1499741294782421 0.19363539754656275 0.20025631216115053 0.23517170093327094 0.2595393279095687 0.16297083480051183 0.1983458840479453 0.161409301968863 
3.45052083333333 0.21793965569415968 0.13039565982407508 0.14534055159851053 0.18242050879919158 0.17146695223935335 0.13804733590189014 0.11371215996219626 0.16939203688706067 0.17603276357764275 0.15130410918327636 0.24545646993599304 0.18614047285904303 0.2783701735551253 0.19942365341118118 0.13606401860278633 0.10812353345375188 
3.515625 0.210445137266463 0.13406182569772554 0.17669251880669032 0.19948579139930298 0.15126725631238574 0.17043639308859837 0.16029110943168612 0.15165710393236095 0.20032613949093175 0.18048778153242748 0.20943285729757144 0.12934833029514572 0.241001858585248 0.1777384575840212 0.14694529670387557 0.23664271744504564 
3.58072916666667 0.21554784161712215 0.19033328352658174 0.18087051835849938 0.2241950820888949 0.1965953675005955 0.20121171161379114 0.13968476960271092 0.22526694285904825 0.2940215013087765 0.19439262986948289 0.2401487478103709 0.19296524114282373 0.20960539689361962 0.16295396087351927 0.21283632403582908 0.14713759120187442 
3.64583333333333 0.15549376670731896 0.2122001914153161 0.17287283639653098 0.20828315225575014 0.1665790468358584 0.1958943541622006 0.1120010526286368 0.18156635530771648 0.14509106058569013 0.2041693751228094 0.2272037150750446 0.11413257049784734 0.19527052724916424 0.16393296155098044 0.2115338580288928 0.19799982719176187 
3.7109375 0.1871410155491138 0.24865871980158444 0.16796557165716325 0.2190540540028352 0.13867120780718079 0.17251213694194778 0.1121692550019755 0.22418098586474622 0.21070931957402203 0.1939361672559004 0.21418704559748572 0.1292727241171049 0.17601685493354985 0.14899461863250282 0.17048529238056495 0.18631872929791657 
3.77604166666667 0.16278301436186238 0.19558800601407145 0.15553224119660933 0.16792003425330063 0.1472640836399885 0.11036747570348228 0.18488094272495703 0.23279330126308648 0.23032511289754254 0.17244363883138147 0.15884302011891258 0.21064643347380618 0.15066854325347692 0.18943656395040004 0.23928491570792282 0.2705848582381928 
3.84114583333333 0.18999270247696998 0.18103429546192354 0.18646069726409345 0.19646575618490103 0.25237445299043504 0.23199000147347082 0.1560395365621116 0.18534090712715887 0.2003725333001408 0.1430621987844503 0.11588575268451753 0.18547333649515432 0.1449159544636256 0.15381629208262834 0.23178386760309266 0.243956441714604 
3.90625 0.1902121366144584 0.2543996419325477 0.3149025087614445 0.21412710435980406 0.3272668851199657 0.22737867453448207 0.12165384125709466 0.14633939258338985 0.19798818601686666 0.11003741512687568 0.15655717480937892 0.12659668636993993 0.1453839718545801 0.15708095124993096 0.19767697178495744 0.2549357392592626 
3.97135416666667 0.19769291107136264 0.18657100091631643 0.1899379349829992 0.21606895245287824 0.230707562556628 0.2438589764251543 0.22856530665578295 0.19261489784117405 0.1357433444993046 0.16160782418464653 0.13738689177829805 0.16145969312934805 0.18504699779357123 0.17337067118550686 0.18836915736162374 0.3052008416068238 
