0.260416666666667 0.24728874434268128 0.26968416785188276 0.21585231213393746 0.2818257393407796 0.12099732906253695 0.22323059906444404 0.18764581996064464 0.1959257543564366 0.15606126031792975 0.13781979224139423 0.1923939092497062 0.1937734256840556 0.18441675232696092 0.17983902442109767 0.20047158555261677 0.15391805426433774 0.19482106839471558 0.17665913553927706 0.18128259926358278 0.2099299560685037 
0.325520833333333 0.10950563682748532 0.15500048095767271 0.13558218321811805 0.13517859585231728 0.19569321587779143 0.1683976608610915 0.21977250496790932 0.3337479182764074 0.20304116465485336 0.22181179848304944 0.20528938790303036 0.15634745878684483 0.20347141530627091 0.17588433999824338 0.19330067586878474 0.15553268626074992 0.15306539525247026 0.18141556080474952 0.18531863617191255 0.24562404353802167 
0.390625 0.1560752283970486 0.1530700286342011 0.18730239774978796 0.20253587684055716 0.18372215194194041 0.16368467577648294 0.22994495113304925 0.23895214273986437 0.20150116065696932 0.1671114191049195 0.1747061877544465 0.1309949033925396 0.17069276355815785 0.14053772074366652 0.14759474425712113 0.18990072001615482 0.1499255226918834 0.1482446595553814 0.18178609558514378 0.2221825661130116 
0.455729166666667 0.1678564506055702 0.14278650023815384 0.1328257294640013 0.24038887490171376 0.14622819481503463 0.12855645505881655 0.24069080652076108 0.1908181199952219 0.15387526879948507 0.19100967023529056 0.17194052024679943 0.17653644848264602 0.18491496549947925 0.1600816336398904 0.24706762419169062 0.178194680309455 0.23520980841624456 0.16233173880728058 0.17664651774074128 0.17232398219717798 
0.520833333333333 0.14134860037635433 0.15242448680083243 0.18846369915425112 0.21323276783440473 0.2444059098012809 0.22197806393345848 0.16516167656596986 0.15447480765312613 0.12734254398277792 0.13678920295898492 0.17500228350430544 0.2218834721862495 0.13613105010655774 0.2177148581489151 0.1868773494955761 0.14594114670079184 0.19832724624041242 0.19281233405962805 0.17563481111206988 0.13794861162521188 
0.5859375 0.1841600926892456 0.19560437059801825 0.16547990299609708 0.1580912106883337 0.22859714979425821 0.19596590709322786 0.18547751797297232 0.1448321374193034 0.1524459596952079 0.14107846392470522 0.20069591316456517 0.1797917767598237 0.12494310377825309 0.12365975642340248 0.23447364765530052 0.1518614900068324 0.18283105602586142 0.1865144595840305 0.2277844448779767 0.18169424799301445 
0.651041666666667 0.17720358987219603 0.1439171735355799 0.18792116428918276 0.1069768414910962 0.1966508785578458 0.2230436380541377 0.15094424742963752 0.21807544307859034 0.1980612480117786 0.1289731979159559 0.26625087714825524 0.2086882004852009 0.14442890779182133 0.15235413553671626 0.17700492097162673 0.16027496657510673 0.13507884219760033 0.17736926190208283 0.33094560686441793 0.21575828838159986 
0.716145833333333 0.13702883162926843 0.20925763687426266 0.15453149617652331 0.11483383166942847 0.1611450966690601 0.18243813890090266 0.14845774009042603 0.23191428982234885 0.17307999687972092 0.11808584813927747 0.16977411918831606 0.1546785337294061 0.16858065325251143 0.15804066223435054 0.0973099355590795 0.17959567476029306 0.1625107618982341 0.21750457471250204 0.3155964005147432 0.1929593788275672 
0.78125 0.17260909222348808 0.29673701925751894 0.18675218737926996 0.13530635238785593 0.16444882249488074 0.12753361446023997 0.23475266788022964 0.1800143031558668 0.1527371921244741 0.25238046788208324 0.11683118787807946 0.22165093820758802 0.17625984199363526 0.22127593647078894 0.16849807986395623 0.18484700110229865 0.2039383944027552 0.27773744076241486 0.22601320263095195 0.25450320001455323 
0.846354166666667 0.17332751498143179 0.22373888785623555 0.15627443512915695 0.22625524575762107 0.1677858276341133 0.17200636033195782 0.261761856761812 0.17456464975304414 0.2166832297808878 0.3527592194237679 0.1898924252981467 0.24250354162287246 0.16663538058732746 0.17980648203032135 0.15373993360938532 0.1597484392148008 0.14680575361568776 0.25641423035478317 0.18841316722186563 0.2869376761015877 
0.911458333333333 0.20212005182785378 0.12854422786229075 0.1383530346295463 0.2351867995699619 0.20867762437467718 0.24313947388078094 0.30031161171339765 0.13747158595092288 0.16613650006755656 0.2673305039175076 0.18994727488339386 0.21830173185237592 0.1652790697050191 0.15665034855205778 0.1486500883185034 0.22155784947189622 0.13584929562663375 0.24357510308500518 0.13357620122314456 0.1923960789488653 
0.9765625 0.25127790069147 0.11987959430868982 0.16382890835646136 0.24933006698864332 0.18915760184506145 0.22968473128054778 0.18624974853342163 0.18911287476262073 0.2328237180721933 0.0941206137428071 0.2186527150794894 0.1503730436142373 0.21056301000145683 0.21242280901770297 0.1369331944831327 0.18036060488228178 0.18543530503839803 0.2123491716059916 0.16368223203089058 0.20847664050779338 
1.04166666666667 0.20548808990950682 0.14078868249489393 0.16655463921128658 0.2742602733205296 0.17618051845656102 0.19836221360612732 0.14826262000098142 0.10812888690078463 0.21549858819641235 0.17704875635770412 0.16519881680164855 0.13034585675721863 0.20926915970512577 0.291380469476889 0.2095661243003009 0.14316758235800742 0.15295598337386052 0.17971852916243297 0.2039688880835381 0.2230642332911865 
1.10677083333333 0.21064267723897342 0.27595641358416023 0.14674557958283377 0.20892284074267925 0.1840938570278995 0.22415806009667355 0.1559125286640209 0.13766347920160285 0.1490292693987501 0.20329272809250912 0.17473506047457388 0.1898121937572886 0.16755107241954528 0.24782303873319658 0.1605210745303718 0.18190920081078954 0.13145704738281408 0.17195029651618793 0.24576825319776943 0.18571695487544612 
1.171875 0.29169246280022076 0.17527919164152894 0.11385596716234796 0.17222578618792778 0.15193144303104783 0.20983026245822778 0.17633627230208646 0.19803837132650634 0.13088191129009458 0.23301433224572912 0.19616599375253055 0.17093662202043663 0.14700401314203584 0.18645229246688177 0.1770538643988909 0.21186348963230506 0.14614114465381264 0.1482143948936888 0.19088210651082554 0.1505364992923885 
1.23697916666667 0.3059463607047858 0.22503344458266283 0.1880646788738927 0.17978803673808047 0.1603042680582183 0.19751497136483026 0.2237935090612136 0.2374385305681923 0.18237901055488734 0.22327579689176189 0.17674032707971227 0.15137081493872878 0.2099979167904151 0.1298578810373997 0.17851354143125456 0.23192935720242958 0.11523893034745283 0.168804550060715 0.22238371071039525 0.20855526679697373 
1.30208333333333 0.22672703790326573 0.19186704737594695 0.20369384694060386 0.1487268944955208 0.25104943315730294 0.24511141102214276 0.15219227505348393 0.13531432905811988 0.18391969789338578 0.24953249064088423 0.13995386918410307 0.17324136513840865 0.17031106747574662 0.13923597757444234 0.21879392764500422 0.1598184449114233 0.2067138569878916 0.1313979815054148 0.2523924801784762 0.1883665428431101 
1.3671875 0.21567764146948715 0.1636388142355405 0.14792815251067823 0.17955615806548264 0.19174464144567874 0.23139610929444226 0.16376418090072864 0.1558085653119623 0.21066538788082106 0.14585421414492808 0.14856182169437643 0.1570686151716634 0.16874149385980186 0.13134700425923904 0.1520169468451226 0.25046660804744253 0.18499816818441736 0.18382726621727632 0.1726163950193078 0.13701344730757054 
1.43229166666667 0.19612357345971282 0.18643481339205903 0.14361149830495532 0.21656661807785987 0.23742552516983623 0.149758078361763 0.17506528213956243 0.15737958769549118 0.18508669346360992 0.12717968763430465 0.13478706231888443 0.13999794743062124 0.2331100547714555 0.1537623527766386 0.15903884651149694 0.23276657134155682 0.1759177518117843 0.2252108757027733 0.19359154981784063 0.13177035516135013 
1.49739583333333 0.16537859794915943 0.26963099870738916 0.22289909577473865 0.21773673563115156 0.19613835521460773 0.2117281683596776 0.1522695020830777 0.2422505844832415 0.22977260774441519 0.2029888254395824 0.16164866823686597 0.2119004414577825 0.2490090448356587 0.22439171074352804 0.21877884893070262 0.1740710380887071 0.18705003411840615 0.18892212277425538 0.22063191395808487 0.15158925703667228 
1.5625 0.18221216003549204 0.3059620693747479 0.2975931078765645 0.3009026232223554 0.19720677968698688 0.2557167001788391 0.1780506662350784 0.36357281958475857 0.34638918765800275 0.19126479822615888 0.22887193188030824 0.2808457928224491 0.2289287091364024 0.32713425412383385 0.3842510701936395 0.23412175436226615 0.24792309694856726 0.15553050488847217 0.34929514107523507 0.19593168420551021 
1.62760416666667 0.1305667894592139 0.1508474383308129 0.17230604493566273 0.22214555950533607 0.18427272394042352 0.23459174763363602 0.208951374292335 0.2618815628350912 0.16959877351904692 0.12200107131377166 0.18602727303120492 0.22913979049118322 0.26385853953189714 0.19983167883546216 0.3123407519307052 0.15209433063191727 0.10975865279721951 0.17202439260791202 0.26340061132585896 0.15558462443408044 
1.69270833333333 0.11809523107587826 0.14239136316227496 0.14502149876198164 0.14013344049934146 0.1498754096463298 0.1667447094086986 0.26044684667507095 0.18221408369728959 0.206136975287041 0.18112785475055118 0.11866555588046569 0.20684737206776332 0.2466046692220224 0.12021891722582413 0.19723710543186654 0.15938786474888925 0.21866302849935315 0.21970220361880427 0.23276240183256303 0.14696199094789195 
1.7578125 0.16654292283706487 0.21785933662453325 0.17779593093946813 0.18477191905283022 0.15387415216018252 0.13539697173064924 0.17018918719118134 0.20177582557930132 0.14717712589597157 0.10157709873140172 0.1366507848668846 0.16724979720679917 0.13316170784174292 0.12735711673367106 0.1881840458261586 0.2731124726860622 0.21129543900571313 0.1349673567249096 0.203984786593552 0.17574517714429705 
1.82291666666667 0.26137318516225483 0.16103590336360682 0.1825777702947041 0.197431096457201 0.12858220802199224 0.16672265746382342 0.1874930895688671 0.17750981973157695 0.14096812805810924 0.25327107670230165 0.21874201223184878 0.2238232929581403 0.10765013337564024 0.10103595590809732 0.15121912257916512 0.1577027081911953 0.18429830796401026 0.18367914325792042 0.17250467042153422 0.19677215977456924 
1.88802083333333 0.2433598996249365 0.16375603170204212 0.1570465720524104 0.1856906451963973 0.11913725829677564 0.19415925971824483 0.12155250915218087 0.15161026387825596 0.18153866624557288 0.2529151679189719 0.20138517215268972 0.2711535242486361 0.18612338226607575 0.15715890646494513 0.0879156936432131 0.12076513872830147 0.1748928226146675 0.2372658390993195 0.12637579178026417 0.227827182071647 
1.953125 0.17621352069901575 0.1351726568596296 0.13600054767063588 0.10216315917375975 0.14551673027385803 0.17648637846098192 0.18421494635214838 0.17804003807996402 0.22267361834911037 0.2309321808734788 0.14266933321961298 0.18464460867260726 0.17140125542365772 0.14230051714402328 0.12224713535507721 0.14632045829750634 0.1940235637378067 0.27120487340082194 0.2261926729277492 0.12533212725663467 
2.01822916666667 0.20833587963207575 0.15343418672537845 0.12415444613838394 0.11878989782800684 0.16469431120351102 0.21422306543763703 0.2297458611716383 0.1473798433721834 0.2175638668564105 0.27812563471185553 0.1625723863784912 0.29279959696519364 0.19801992702983634 0.15920909046459095 0.16443941009523808 0.17395999359179334 0.2214974801350817 0.22537702091981035 0.23337969887583201 0.18842373723056782 
2.08333333333333 0.16392294549730904 0.18618792459644662 0.17662579190775474 0.1492559645456167 0.17540872922695802 0.2631817877597732 0.1984407061832569 0.1546122900046668 0.2583545787632972 0.2292143587312602 0.17734703841432164 0.29422446452475975 0.1639165129472987 0.19317116121309963 0.22109729414536844 0.14803930669579857 0.2527312104933307 0.1837981285864714 0.22959045127486397 0.1785539351886856 
2.1484375 0.16536722687838015 0.14693152285528246 0.17005477220862567 0.1301999467151295 0.1541253631279104 0.14680897892537254 0.20410098687801953 0.1376632134880982 0.21070441009361623 0.13165409420084012 0.15641507828348478 0.21794629556520126 0.21918327816860095 0.16355385019242 0.19118513574690113 0.17458832021830115 0.2149059928307152 0.18153226287328875 0.26056285765131215 0.16622057795175815 
2.21354166666667 0.22075166057753054 0.16968246340848575 0.1411721977859625 0.2097776521996668 0.15130706787492795 0.13843377012065822 0.23374205254679625 0.16979222497336866 0.15749224972605533 0.16235398972520731 0.2057054925131916 0.1519588874709183 0.22495307189123023 0.15193952382892245 0.14498079404504408 0.19751739156380502 0.13911215139577665 0.21947323034200933 0.15629781024168832 0.1954667162028309 
2.27864583333333 0.21904079093786805 0.16486053912344217 0.15485246082524878 0.16314201319489474 0.18962353203011445 0.13828081582208382 0.21864939449418938 0.22883415079238792 0.21713386662673992 0.13098570826784964 0.16100892625380003 0.17228791589313752 0.19792103206012085 0.1952125647006913 0.15756664798924694 0.18626252959495077 0.21393648074715227 0.19129709155308475 0.14436427784887373 0.1515222538240249 
2.34375 0.1498253191380586 0.1928402983874387 0.2146744856520742 0.20033037443692545 0.201673560577652 0.1850063334377503 0.16927385107152504 0.2682313812437369 0.24917364372883719 0.13809903824352857 0.13795773642530568 0.16557713191643458 0.19694196947862977 0.21728671657108528 0.16358332570044656 0.17167696346099834 0.14939998066639582 0.20422019338596054 0.16983660102359505 0.21666195531151525 
2.40885416666667 0.13575663283052003 0.20305833587127042 0.182542385361612 0.19337409559758517 0.1718188914573215 0.174455079544334 0.17017254723861147 0.3161413413760249 0.21468830049109616 0.16531120478379777 0.17396874703814774 0.19810496772347502 0.1806614622591812 0.19063790511721693 0.1408309385676746 0.2061626465996988 0.17802205376290497 0.20224177206338012 0.1773412840143751 0.12793107022379355 
2.47395833333333 0.1798254234556217 0.11898876822409542 0.14357010963613753 0.14130988702492314 0.18923854605976012 0.1496587101955925 0.1730842124175321 0.25942515170417024 0.2625874596226187 0.1487278486914309 0.25617731465728527 0.12572468840747267 0.15816953097740938 0.16170749521774605 0.225863219664675 0.2012434508799536 0.19001307881894422 0.21312187012247497 0.20227275293471947 0.17366390425202935 
2.5390625 0.1785338048191988 0.13823959046956308 0.19694804801307 0.22429760992721087 0.19754918684320327 0.21555742515036452 0.19047261912362495 0.14082955573531059 0.2345907238084127 0.16576306567126817 0.2338323254355188 0.13315517403098046 0.16288164014717926 0.09440299494576508 0.1535293960113439 0.20142647750319462 0.1272404574104795 0.28608452738178036 0.2097036490852175 0.2568921272954296 
2.60416666666667 0.12807755230662618 0.16554050579290294 0.19990685585675538 0.10505904844431382 0.18199618105969828 0.24096063514190902 0.19882523824804166 0.17595758275257045 0.17244332091985698 0.13317673466376134 0.1566863364232646 0.18304285817505364 0.23853829895943754 0.1363781792454123 0.15911118377931321 0.17762576437793864 0.12848010210273916 0.24128743424288218 0.17887013108639713 0.2248981411961428 
2.66927083333333 0.1250285335652937 0.2313789049727495 0.16606319252869692 0.12953871422123464 0.13809284664411678 0.22857743356140503 0.16536574043313532 0.2518103358842729 0.15573494245519007 0.1513236374785515 0.13019431860146088 0.18350707834979804 0.23218479584715557 0.1700852895594335 0.1509953842782553 0.11218672052101758 0.15189339755831305 0.18192076154296766 0.12099178174572615 0.12819605289536434 
2.734375 0.15230746586664076 0.24866996761089882 0.12444006403266164 0.1539983070246633 0.14627070535701128 0.1676047564748873 0.1806158303209807 0.15368999823429053 0.15443573502857702 0.15922876317942988 0.15633986335678665 0.1306778967662974 0.1735123242872507 0.13629748407303108 0.2215882494772927 0.12460406949702399 0.14651629224594584 0.1485765431293172 0.1762660848623573 0.13286951350753376 
2.79947916666667 0.1360670076445365 0.16976539050828243 0.14953586098843508 0.14811834000529855 0.155402521036775 0.20902105777085642 0.17362292336359797 0.14924100585483865 0.17540509747223446 0.11643789398519279 0.1215416609871373 0.22802594807205415 0.19286869911593504 0.11197642689723614 0.235411959401585 0.09386427358755486 0.17903037155839893 0.13454203807122941 0.2879065865757056 0.20609083889487134 
2.86458333333333 0.13993725638164886 0.21595477132451105 0.19422023652612838 0.16391864846204107 0.13425242849406552 0.26616684394949075 0.19166009949877427 0.18402074818606295 0.15799127627003823 0.14808460997098705 0.19196199680675102 0.21591659979133085 0.1787965417310151 0.14434628768124588 0.13314880362409098 0.11559999516320771 0.18270888657206655 0.1420426278170986 0.16920388395493344 0.1433186185698393 
2.9296875 0.18645174399714295 0.20934821613427537 0.1673441631944126 0.15180035653606658 0.16777078293263742 0.17213149739823919 0.18693261877821174 0.19066034010789806 0.17824629563058514 0.22307969446280645 0.1890688677931199 0.2131810323853098 0.1578072447862481 0.15297428717437922 0.16688129634964766 0.12439203766700481 0.13705494831076157 0.16603231553751613 0.17268924408130212 0.21819179489366647 
2.99479166666667 0.13027986569158456 0.2004645917787526 0.15484517873443185 0.2645099810257766 0.2111060939440401 0.10439397174642712 0.15360115129849594 0.2246430317848191 0.15067086308368982 0.15799275955175887 0.14037849338603012 0.18243778891457668 0.17396036434380213 0.13639124994037433 0.15762958990260645 0.24343051791979295 0.15224781078475585 0.16882726178273602 0.2190755567184103 0.25367162595344517 
3.05989583333333 0.3144864318827413 0.19970476249273988 0.3646669217551514 0.5203514796770661 0.4583373243753795 0.26392196560070774 0.3270390449462915 0.25488968110711724 0.36979027386300567 0.3831925638465258 0.239111689196884 0.3465711391065562 0.24665231760652123 0.4424852409384788 0.3093299391063867 0.3496265669284688 0.45785329447041173 0.2630696937455533 0.26829530797821305 0.2758033400681972 
3.125 0.48724520212707034 0.3172750912693644 0.43610636256785645 0.6019709528817935 0.6518854529138868 0.3564478381042514 0.46519924080828134 0.37015447084560427 0.5621303516270532 0.5022901973705141 0.34939601413402643 0.3882927114791164 0.364297700575116 0.573588255411451 0.45983114352845045 0.3978240541421696 0.5726051141466885 0.3882089812343157 0.4340082088713591 0.2614567845100088 
3.19010416666667 0.2947003478299141 0.22719734383529314 0.24455602161616924 0.300338308395576 0.40630198220925645 0.1899747170210896 0.32139749673782336 0.20550967582976218 0.41397827482460553 0.3215028421246557 0.20905329744111445 0.1874270651026182 0.23103798601522701 0.3308098177865552 0.2327325482977174 0.28648608661388164 0.36460619041303344 0.3255141921897364 0.32215660505492644 0.15212442828484585 
3.25520833333333 0.20276717468208302 0.17428312032772547 0.20609790336467845 0.20854157206193533 0.2063902797427623 0.17629170943321879 0.15802884572463405 0.26664457021471655 0.15871852562508157 0.1202833322249075 0.17213345413778638 0.258289338986523 0.1925548819285147 0.18534588593250784 0.12992799710642666 0.17893758087118883 0.10183958379459762 0.2586785030429445 0.26391277245796335 0.1578580285047562 
3.3203125 0.20307731263285542 0.14505243710272714 0.18483140656837102 0.16718423484853953 0.20623213450458414 0.204224252256309 0.13729916581193938 0.22544517504910966 0.19329821726064192 0.15532065579628956 0.19690669465746866 0.23844454395486905 0.15489272254884429 0.21696675519415864 0.12664221077411492 0.16777287982379896 0.10214855982634637 0.24106813274834943 0.15759107731328356 0.14700316974926111 
3.38541666666667 0.16195800014491343 0.11858944113425432 0.12512214008301525 0.12078167678839681 0.1706550407429844 0.14984739205383202 0.13002543262682287 0.17597785070636893 0.1361102174247664 0.11749376883794585 0.2703229483865982 0.16992429938718903 0.16233963153472572 0.2192334779961322 0.18052267766332794 0.23353395640137947 0.1417558511579979 0.1752904441794375 0.1270141397517077 0.10280486068018575 
3.45052083333333 0.19266474747421125 0.13215979777630885 0.11256591986161699 0.09727798333661264 0.20009446283278776 0.16957775661341162 0.1949670829961507 0.14631239253360434 0.16896265369628494 0.17835522532903098 0.24906358476135787 0.10559158887575507 0.2343588795372523 0.13560733659661203 0.17933481128692447 0.2886415311672954 0.20793361124172316 0.20263916923907965 0.20440999215048458 0.14920174487540586 
3.515625 0.20095489206467304 0.1680154988511768 0.1665295010104273 0.16691923480072052 0.20890208132460752 0.1572488497052508 0.13774045449514724 0.19301432673016894 0.17074669948328164 0.19803129117025908 0.18221875012428762 0.21047358027206187 0.2991949508735062 0.14447829680024848 0.1655881909697632 0.22807952130321393 0.1901823771729575 0.19780915084622697 0.27728782404572405 0.20826931182245978 
3.58072916666667 0.19581196341954504 0.16956106545985333 0.17728140957867886 0.23086279468119542 0.1694181046393982 0.1192620941258766 0.20889153530589163 0.2667955404321436 0.14692642043056373 0.15236459847194744 0.1432284075596225 0.2925414375978552 0.20685927289890194 0.22995095471941 0.20672427753381556 0.11073119399424798 0.217004136702183 0.19526324905665862 0.21690172418447728 0.16086594005476595 
3.64583333333333 0.2188596598116538 0.2054916062530696 0.1855085004378735 0.19065793962574062 0.16765806129383432 0.15195331875432555 0.16024395403438188 0.27767107702250976 0.19068959609623826 0.12421232077993007 0.15112006960119828 0.19977302904781824 0.20225355620787852 0.22745944693192605 0.2160785355982919 0.14786059321157807 0.20585381180974655 0.15140954300516532 0.19873565784323338 0.2745301481587429 
3.7109375 0.17820994849576718 0.18922889901322656 0.17682414237594252 0.17597635086623534 0.21694216089192173 0.17714068241093853 0.19253951345795195 0.2588277262875838 0.1949594312695328 0.16144224849352443 0.15662053793253902 0.21298883626651405 0.1798523835755966 0.26127824828125723 0.18480504873308 0.1942960832512768 0.16908519394584806 0.12180725209796418 0.20698700437964665 0.2382185860133103 
3.77604166666667 0.1554087705128089 0.22547855971468517 0.16248991185229458 0.16568510614216347 0.2555502831221649 0.16519157482793395 0.20896377035529828 0.18992792797527253 0.1857297663500996 0.2598811234878693 0.16946566678183822 0.17457770773425915 0.15835325957917265 0.1971899689033969 0.15797260996352597 0.1420995437881802 0.11870916233233596 0.161464119619993 0.15537808739063225 0.22119276100386714 
3.84114583333333 0.19037069169448415 0.17436393261376737 0.19458941636668792 0.157335982123485 0.1922035892292252 0.21373511758514677 0.20127059062544897 0.2307655670155727 0.1858033663541858 0.2387584160193549 0.11321408843995356 0.1983881533333915 0.14356680902112376 0.27426413475832423 0.09651624037561826 0.17998695918645516 0.2586487212152294 0.1507649062443097 0.18024449708668555 0.12398012252726155 
3.90625 0.186771998865727 0.1601447748843376 0.24007815624106288 0.2085144976836236 0.15302146749729814 0.19105873293675957 0.24833017964721005 0.20095906435915006 0.18899854990526727 0.24734525473202126 0.1652421214234617 0.15873775551849803 0.16800470509037846 0.26156197530241104 0.14598180792416635 0.2126206564956517 0.3374654386797221 0.17519693428825633 0.09751005841097554 0.10338909840685373 
3.97135416666667 0.19732723680486683 0.15385149227673886 0.14366315537416097 0.1876247768120754 0.17106438919698277 0.1811306529611576 0.18596278667923552 0.16062132285674122 0.1440170156135246 0.18928126512052745 0.2251446438778542 0.13493445891145772 0.16768482549799865 0.18170336693091146 0.13683043659593427 0.23117826345655215 0.23868417306473336 0.2861788133109626 0.17430666949003407 0.18099896523819925 
