0.260416666666667 0.21453655508900432 0.1860735748949317 0.23945020660951233 0.17974082429763122 0.15151643817188046 0.20098684431841332 0.20228545855845317 0.09200393834603204 0.22193575041606778 0.17798183632039546 0.21638192954666885 0.13235160368984755 0.12367449618921601 0.16864295723224845 0.1499873365904601 0.13370816853899203 0.12295607713926718 0.1909063763299735 0.16368162986989074 0.1690410218807498 
0.325520833333333 0.1679859111123472 0.2331476667798838 0.14094985339858673 0.10108595856660725 0.22997722676548693 0.1461533911122897 0.18419148426989335 0.15140529421778642 0.15010089589598025 0.25394184599424285 0.13534643278907849 0.16278873874420707 0.16996129884154795 0.212327712397394 0.20751817878996293 0.1251900232941739 0.1801480247389701 0.24968886490889677 0.16416189601457068 0.16748957888390026 
0.390625 0.19664913494480207 0.1761882620523993 0.2010702218472377 0.11459027310828204 0.16997611951745445 0.1741904110372869 0.16617301233866066 0.14160163923562483 0.15435050849606224 0.33875430490358094 0.17723964495643538 0.2167877075426966 0.2066675484660676 0.19820474941564747 0.2423579671941526 0.1667026113823276 0.23003134316865914 0.2321955996613424 0.20509620988925245 0.2551193815646411 
0.455729166666667 0.2212713426528932 0.1693668781291708 0.16608538703334713 0.16762832704375227 0.18754124258426133 0.14781566436833857 0.19049679332103248 0.22532124488346028 0.16290080310349464 0.22003650037198016 0.1649359495726387 0.21134383011321356 0.1927080657190128 0.1990545434483102 0.1147744585404002 0.17768620994874718 0.15275094104082826 0.20105310767626572 0.23466916505579158 0.17416693161680089 
0.520833333333333 0.16211991398463452 0.178792629462481 0.2558799311894774 0.156930820920675 0.19945948503381203 0.17187621234664305 0.20846316734666823 0.1586883958492133 0.17014212316602326 0.10906535805665828 0.1712649642190148 0.2496101451670048 0.2135098175085297 0.22455769963580038 0.19277077861626835 0.17861388769721495 0.1495363485858296 0.2361840628473017 0.22549417414899894 0.12211732422473288 
0.5859375 0.16414269828941236 0.10938322349568298 0.22571338097272922 0.10126004318965971 0.19578751112225465 0.1362945528918883 0.147979592534251 0.16602950716712433 0.224436238554731 0.1175793539618525 0.26615466881509287 0.17859096987342715 0.2151469633418804 0.14768983923981455 0.19824488337607085 0.1667271458665128 0.15026711125167241 0.21749052578402447 0.1755971068317292 0.2491246391644611 
0.651041666666667 0.11799285513933806 0.13313438075136766 0.1720381060499405 0.1374044245782509 0.10533102296256382 0.15789802077402326 0.14316430977269376 0.1249994352106895 0.1666130139301733 0.26054919191472614 0.11476816185114236 0.12643512827926107 0.18031666538532903 0.15804919561878922 0.21283291686327116 0.1262963247691474 0.183869558024937 0.18132944737485684 0.1969887032667741 0.13596156444435792 
0.716145833333333 0.18058417023460457 0.18059188195053122 0.19865652300746717 0.17213187521766737 0.2064169987320933 0.1291185638078268 0.30616912001721996 0.12365228405115766 0.226134834961819 0.11714530770055895 0.1246284640077301 0.16538321212993576 0.17561058888998277 0.20794429360366037 0.15622013202413393 0.11486390938668548 0.20412353966453517 0.16107643963351675 0.13468018926927294 0.16950491095420503 
0.78125 0.1489945828707188 0.18897330997189093 0.17019791409667617 0.17882660292610814 0.21175364432245047 0.1839084801208126 0.27561407990284637 0.18092508961023776 0.24463968427181856 0.2634925861981153 0.11811063558959485 0.21227150940219863 0.1522520783327338 0.22845499921140008 0.22771995863006006 0.14637565991672824 0.209301962179693 0.16031799062817406 0.12431100594389878 0.24003818434138702 
0.846354166666667 0.17696029883791617 0.17882218292802815 0.19277157352630134 0.16656652806485403 0.1785706228553246 0.17764215639880832 0.14932777532896738 0.22430989192163683 0.2435250050898429 0.34018536358511703 0.16958767733558197 0.1920623093536586 0.18246933579654598 0.2210917788464233 0.16975286347966748 0.19788112918639694 0.18019132537398427 0.19456771774571302 0.18902514758732974 0.14424262096320084 
0.911458333333333 0.15907264076024502 0.12109659626276485 0.27334380628466826 0.15049804955371335 0.16086996557425096 0.19953452193645177 0.19537906689989282 0.12326010213866676 0.22029169970877158 0.229216514000673 0.19150623034360884 0.16814949649656075 0.15665539895443736 0.19486470700105302 0.10151675389134632 0.16426053132106574 0.14841072391785112 0.17040102272334692 0.1685797645595949 0.15215785342344237 
0.9765625 0.18677856803792395 0.20207377288621958 0.22076088466187443 0.11542767682576123 0.13561431565140847 0.2238677882035386 0.22730394201926546 0.16057525437196699 0.17854683997446433 0.3089465248971006 0.16837384011864584 0.17953386652835118 0.20022457338546995 0.1859983280768683 0.1764662967351409 0.1380690467616366 0.15368803257723268 0.19388233678097574 0.21549063976355273 0.2706807820445234 
1.04166666666667 0.15718294011773618 0.11985777725492473 0.16315250307913148 0.12678470519431262 0.12877106406210115 0.16318356348293184 0.2369310337902891 0.17956905631807937 0.14890057705712814 0.2430625021207571 0.17942614181899671 0.16617743382049788 0.1658394237490094 0.15592649218873397 0.11277260635007585 0.20300483672921787 0.19671867398513557 0.19918267615028004 0.21372912742228967 0.2503680932646838 
1.10677083333333 0.11902928698319604 0.17177117376109047 0.13567654426714718 0.2310466396904349 0.14081644587229675 0.22229054847000435 0.2004146155336799 0.2810084096280646 0.18626447211905534 0.23549412394339847 0.18306250016878062 0.17391192799733363 0.2008585847966834 0.15928943201947962 0.13427321904598485 0.19887642906016512 0.1682865660409508 0.18202162929041862 0.216260854294013 0.22755013450638076 
1.171875 0.1967698713384078 0.17225319486061957 0.1470590199336041 0.1831846779973918 0.11529678128291047 0.1841565989252943 0.1930750612940217 0.23578534248672436 0.14131671630665402 0.2548462312427914 0.22821505211838278 0.14076986439373895 0.17946756740694036 0.09963661297585956 0.10997255789577544 0.17211006491663375 0.19545932539336755 0.19937273720853907 0.23685888049461615 0.2696814904870205 
1.23697916666667 0.1858459792719029 0.1430259446200991 0.13784870851594933 0.188052707393242 0.14760952415039694 0.18489310296112113 0.22484271623243665 0.2543732620624635 0.1542938355089022 0.1380004460190011 0.17736548313672104 0.1462842488161853 0.1401230851814822 0.17210159446477072 0.16242087104379505 0.1648481732130134 0.17141315146986838 0.16000879562029247 0.17558869573933034 0.21636548441821268 
1.30208333333333 0.20734373569676212 0.09948389209071634 0.13376768264807917 0.2092299897858144 0.18696764643778538 0.1686640287532343 0.15966855951349557 0.25687056484561294 0.20154265001999197 0.16440185447177014 0.13919288204177152 0.1832493705940761 0.20065309419978863 0.21458854091979887 0.23283229034492836 0.2219363463656456 0.19741755484568088 0.17584915494154957 0.2018890567734501 0.2313873799943109 
1.3671875 0.17006090381983777 0.2444192835235662 0.14889508347018623 0.36057825665934695 0.17771274670348247 0.14827341024675564 0.14882303837403332 0.17293562883657862 0.14111219377697007 0.14797426889777884 0.2105898574670673 0.24556686215244378 0.19862737701252392 0.2003297520723863 0.201333882011125 0.19329844004877864 0.19896133620108206 0.1691738484864572 0.22870618415690955 0.20560130476503446 
1.43229166666667 0.17919869255794155 0.17702602601423423 0.21609445717478537 0.1981024122319199 0.15233747749274348 0.12256197926422216 0.1741071049796151 0.17986033451721872 0.1374629519751453 0.16219034194526202 0.23357564270808762 0.26669605472297914 0.21328932847322976 0.14448898530511628 0.21554217980951335 0.14787680812796872 0.15830793081307543 0.17928035199575568 0.20701762887686967 0.146788998357951 
1.49739583333333 0.193022434744028 0.13111469355869027 0.2279662727276873 0.24985543162581697 0.21471914890418833 0.11921445372940954 0.1340114802639607 0.16971695791636418 0.18761059030874874 0.2299839225086746 0.21571101889612448 0.20828947179451676 0.203102802651123 0.21164828625470453 0.24848600261867124 0.16320793679271753 0.12484463078012861 0.2050481954366121 0.16375089530002898 0.18479265483981488 
1.5625 0.3021589746556568 0.14101867858225942 0.23037538106811942 0.2433892898343815 0.23988129389716756 0.1343335801915281 0.12743872775826037 0.1660837346114048 0.23152632912646945 0.1437614496733044 0.15462044799442692 0.2507630029684708 0.20710704390444687 0.131172942178929 0.26502635161924964 0.18763817028790403 0.1778224207025353 0.21119645000202206 0.33733008235509043 0.22794285392635083 
1.62760416666667 0.2155847519627638 0.14582343391124158 0.22507796448891218 0.1592440351784421 0.16620225786037715 0.16909098034522047 0.17508966233854323 0.15575533596051114 0.2505465324281823 0.26387406506071054 0.15248183067144427 0.19464615971482083 0.15084035829032222 0.17514532362333618 0.2362532718478908 0.20509674905978015 0.15345185926684268 0.2644147693954134 0.294879512707734 0.17119237570366058 
1.69270833333333 0.15041459311692076 0.1379363022865476 0.19834233123973832 0.21663154033631318 0.17793535136648334 0.18532513152274113 0.20117207696260828 0.18186880802269925 0.1441564868511332 0.2233036478901271 0.19223401408881297 0.17049866219952983 0.15021368905872803 0.18441641722420982 0.22970329440221346 0.17434186922461511 0.16390696834721702 0.24855338791498557 0.2244725546435424 0.1411935039599719 
1.7578125 0.1498737926457588 0.11518467559458712 0.20698212416054176 0.1502644723557935 0.14592801143898448 0.16890311004489228 0.22401517678277458 0.2207291101433925 0.19493738635765945 0.1852962962086177 0.20182476550569697 0.1761407045608755 0.18815790739140306 0.2355173006896238 0.16680756688566906 0.20813866004408904 0.1520158346305703 0.15017033563438614 0.2814465195609417 0.15062660647385928 
1.82291666666667 0.1329005048132382 0.12072012703409242 0.174036191590692 0.15405860004485686 0.1361215459765595 0.2383227948735072 0.1709620054013696 0.2133486905521531 0.19009845306111614 0.1703775711594727 0.20329819951051287 0.18136263713812095 0.12490124734659445 0.21898584513481695 0.27366084927101963 0.1265621221375665 0.15434018039540093 0.22211090214906543 0.08597057998518719 0.15931970513114846 
1.88802083333333 0.13882226017451635 0.15666366740090534 0.24116073763985582 0.21601611629076464 0.14448243532001817 0.1792288930015938 0.2066066322196727 0.22528451184541645 0.15912254677024357 0.1974257392634736 0.20975103460785238 0.1686123434673393 0.1495227635629698 0.168431226816898 0.21541450477450363 0.13267080037614173 0.145556469841223 0.21025353642474515 0.12741368325828017 0.14180494059360027 
1.953125 0.18374995268757593 0.20159772527859873 0.25331916552497297 0.15603287800813043 0.19812681951322045 0.16119279435983197 0.18548375223388272 0.17248952007595386 0.17188583634759025 0.12367028782319515 0.21938460845789445 0.13658439662748895 0.2018244395439012 0.18492758164946477 0.19068701870052918 0.12806722803026618 0.1442505322616084 0.22769962286945652 0.18318044781110843 0.16376187855958563 
2.01822916666667 0.1982097859523781 0.15425548074345732 0.12742524404934077 0.18388102425678432 0.26144609297434757 0.1937964373173327 0.20969504116649026 0.1814601620568578 0.1552718909974138 0.17260745907554167 0.2481896109779181 0.1589171007189567 0.27727363892009965 0.19931090254577238 0.19742603827788102 0.173182841490474 0.16564362527424445 0.16177334619857853 0.21643994795977847 0.1733341265968813 
2.08333333333333 0.1676050882500498 0.13599333251288145 0.13144834761908133 0.15446623066010112 0.2273451812400917 0.18676734916124965 0.10720568634191727 0.2150181160940178 0.14657179937985226 0.2091192994128318 0.17088800234284884 0.1614016851524025 0.21359108459133122 0.19103258960186997 0.15205163502578506 0.1520559720672068 0.14625018128860598 0.15792140103533955 0.23671523606282624 0.17823912047865118 
2.1484375 0.18349088232805275 0.2681075829936911 0.11572062759360754 0.10861726033312394 0.168803579700916 0.1907039274220762 0.17511415568626137 0.23698564438303504 0.16037580709271765 0.21957729593078898 0.1632767283252541 0.2282988504150307 0.16178710422545553 0.22755350031425833 0.18170208550200181 0.1313325598374269 0.19561680326549788 0.1741257091060323 0.19068388554473556 0.12748168161879522 
2.21354166666667 0.1667210176781526 0.15841352989569468 0.2230510622445523 0.11911929852777335 0.2140485315319833 0.174144450939248 0.130257302529501 0.2322598862691862 0.1493097750281339 0.19375242354710617 0.11530103968671383 0.22178004291872966 0.14459919937105786 0.20259604482423624 0.23716006097764766 0.12621776754895966 0.17753543868201735 0.19842760688255667 0.20095138214862862 0.19422135309964006 
2.27864583333333 0.2713716710826383 0.1257431448378482 0.2176911283086643 0.17296646959227266 0.19104064212747165 0.1753284679345927 0.12850505966297154 0.2256918071129497 0.1594308362136105 0.2152483977378133 0.09818027086908727 0.16038661890639527 0.19910680352493176 0.18006725897698136 0.23892347294128083 0.12879359149858816 0.11973572731985248 0.21151297860447896 0.2320979888788107 0.28373190730839937 
2.34375 0.2123319340833457 0.16292950870143008 0.19355959235944648 0.2054468410922152 0.20716278259436735 0.12490018036884849 0.2105767935475942 0.18676724945364503 0.16287642791474893 0.15537347547593966 0.13851698793525138 0.14498295689860272 0.1300940608487632 0.1726525184646948 0.15958697989302026 0.11795043609897524 0.18628969315080982 0.18459821677832347 0.21007186798775426 0.24473344677439846 
2.40885416666667 0.1673487912420838 0.14149060745297898 0.2455425182564525 0.2617134524688721 0.20000309965018662 0.14487040225099238 0.21408972646674806 0.27934818652441296 0.18851437953967154 0.18640566792357885 0.18560726778380607 0.1977295394948082 0.18250557581716234 0.16339576389894747 0.14834743728792518 0.16428803920281035 0.1996622407696393 0.12221487669515364 0.23289651278293724 0.21410566120094415 
2.47395833333333 0.17139175275343743 0.22379542299152488 0.21238866265770176 0.2501754838564705 0.2008605255983282 0.21063756844623846 0.19405173089012331 0.2302408908853754 0.13761301736809092 0.11822716833776611 0.2719383727698653 0.21822510442850954 0.2138930505133231 0.15921581169089313 0.18390043653897867 0.17223358046912143 0.18217362866465284 0.16770094539451608 0.16872050060778127 0.1768004042681057 
2.5390625 0.1509677552283381 0.24436257336058018 0.15763462892580227 0.12218054595434272 0.17088866766336 0.15261700165846404 0.20243381654429946 0.19653577809376124 0.18828304054402076 0.097813581775388 0.17523220935383524 0.13751919005407276 0.18710802759460907 0.12199221046946619 0.2335800410277814 0.20396053523993077 0.167029288253453 0.18382895167422544 0.1305528515479343 0.16513641987662953 
2.60416666666667 0.20237011384321776 0.16070583018391882 0.15509127939185988 0.20514552655989987 0.15901580856250858 0.14408864814985717 0.18810500839580924 0.1434448147356421 0.2572832447633636 0.11820687889853079 0.14098172822111107 0.23105129000205493 0.18234778538574273 0.1994122404518576 0.15734333101602976 0.13289817354158856 0.15055684196936459 0.14327693368241823 0.23056551230828493 0.2020927321510891 
2.66927083333333 0.1607637830478685 0.12652052221309915 0.17269688369639596 0.1270289945537835 0.15982745192574901 0.16940438275221903 0.13502744522211813 0.12437021705898374 0.19854610467494035 0.1688633528969828 0.22885865477067333 0.19622700977253146 0.1973795860963326 0.20906427735991825 0.14770414157963266 0.09586622464560587 0.17231989250144514 0.20438163498307307 0.30096903012840504 0.12901307459545228 
2.734375 0.15501078336792962 0.17270509773985496 0.16365927710951617 0.152958237230519 0.1533927997564797 0.22379972688341304 0.1345215855827423 0.15588992294758797 0.21045679655500585 0.1605428223260863 0.2720428896953254 0.21293719279756085 0.2228338428363998 0.15652012411985847 0.19177433062368163 0.1642131957032571 0.14391450260627386 0.22350912339550827 0.1403161626410919 0.15160446212483014 
2.79947916666667 0.22902476866977808 0.14728946795673142 0.15398218888458853 0.1278420365931371 0.16318571503099688 0.20876679549127328 0.13619119995096118 0.13042989925928528 0.25016053412636774 0.15869392130864868 0.19231708852051668 0.16685080082323708 0.20686894445022985 0.13458192233205238 0.2862606207331214 0.16455437308724602 0.17510415194611742 0.2641322269155023 0.22794400641524187 0.10261775319527733 
2.86458333333333 0.2400207770434074 0.16435421103072118 0.14396922949421143 0.25145782147971696 0.17304267395902387 0.18461010343637105 0.15115409733332547 0.20865555805577998 0.19588835840759478 0.19000286670763583 0.1555314437686405 0.14972244931539663 0.2007350914333166 0.17432563524423786 0.2721633830598777 0.15011574706550707 0.16738940118018866 0.14213768136340155 0.18193842594953485 0.1826132582705606 
2.9296875 0.24877036347202874 0.20653819121059674 0.15525486264559005 0.33538847453078213 0.14512668665524148 0.2344014013850298 0.228992886395308 0.20252034969766172 0.15429838185503847 0.14267547325982197 0.18033650747286578 0.15340649832106365 0.1651618670991159 0.18301842919246278 0.2510404110090499 0.19920676179521038 0.16911022432842926 0.09761114495999454 0.15363191890758976 0.1781449696000049 
2.99479166666667 0.17682023827553403 0.19328156786997036 0.17205058417555621 0.1604205938770698 0.1392927486851616 0.23899045011141198 0.3545412213060579 0.13369210162813883 0.18880393232651507 0.13872416932441592 0.14945828657849702 0.16132317357179565 0.19364964512521807 0.1691526815984173 0.20987442712581456 0.27690701760167774 0.19255097676303204 0.11748323189498007 0.1687689256077142 0.12935042931179164 
3.05989583333333 0.29974313632029637 0.30121954698793313 0.23719545114755977 0.2834420003106989 0.2671431676550337 0.2122055441466309 0.26590542407220585 0.20153226907600807 0.27824277422228866 0.2470188381696261 0.28887491952179534 0.1891585827598146 0.23309499974754322 0.2490014072528766 0.34860276442596105 0.3177682321824575 0.38814559626449235 0.19325817086567243 0.20367774918645745 0.16330105669340292 
3.125 0.3794253654505056 0.348247543332134 0.3867286465545704 0.39525580093174095 0.48917894327991096 0.26789385726062426 0.334092747949534 0.29644183358251325 0.4784387371469631 0.35400456053204976 0.4329955504265292 0.31152678097488556 0.2860454480202969 0.4060757895561813 0.4511285807410929 0.36378099252370877 0.5437756241604057 0.28330284693539737 0.2095797400948814 0.3590690834131819 
3.19010416666667 0.23995187799952397 0.19429013417847776 0.36026941100936777 0.21735722405863467 0.2883716851506475 0.13747202545357584 0.21294281044345065 0.21021306920847777 0.3997489512573228 0.35484798641781334 0.2384261022366321 0.2603477205214128 0.19679874444953074 0.1805797442211342 0.26395419363544 0.30909960321458024 0.3333368533191274 0.25424997023477514 0.16240778403363426 0.22788211174236514 
3.25520833333333 0.19084787762128141 0.11228046218381191 0.2951267740645306 0.20183912391006242 0.16225154992520296 0.17124376240900657 0.14288696274903637 0.13679532378831405 0.2551165966744423 0.3009288989860715 0.1608381170012656 0.21553556916855365 0.14766305582248365 0.18601770127800582 0.1650288835572543 0.2098609917008819 0.21087686418342272 0.2784067799964323 0.21281313248258477 0.21214830471089638 
3.3203125 0.22656909418022078 0.1067536408381624 0.1993150166282862 0.2701800117551144 0.14847563798814634 0.11662029898289833 0.12971419317454275 0.18295517470997094 0.18304849119793098 0.22684531369616667 0.25049775149362347 0.2575563983732861 0.13274715468047701 0.1644960826684833 0.18294050398993172 0.22456641423760487 0.15717178505608825 0.24918230217459145 0.2414926637817627 0.2657994099408393 
3.38541666666667 0.17714238956309755 0.15669368235221726 0.12356297208895717 0.2026552048686861 0.13505439434055302 0.21090055646429456 0.15994580276948953 0.15433268442369583 0.1581990050998896 0.15168001162127254 0.1876512932498062 0.19515770370267232 0.15285818654999034 0.1424311447725443 0.2525463558413189 0.27279563399158013 0.18172126319815632 0.1613449173909378 0.22911181951221235 0.14552861956447932 
3.45052083333333 0.13959183149154264 0.11407687917940627 0.16505551378736044 0.15515355011591575 0.15477393685796956 0.238752874018933 0.20182852415947058 0.1628112544376027 0.22899857318231473 0.15998061872182165 0.14793834487955881 0.15754557049167506 0.17816301925678374 0.24387146074621616 0.2553568785065363 0.2967414302870349 0.17468965106554682 0.2389243283643433 0.24016618729766762 0.12840635517214297 
3.515625 0.14956756648575578 0.1782509705856094 0.1822064597325723 0.1616295115762671 0.22005588470715728 0.15273642652729744 0.22117266098869837 0.16367568992237283 0.19077101537276336 0.21098892267253755 0.18113116631210954 0.20695670493423154 0.143495454929503 0.2547953088513502 0.2546612626133809 0.12403611553327887 0.17139708658398262 0.2296427942230653 0.15185959559920365 0.19001904963610788 
3.58072916666667 0.19290474600253518 0.2018627137349906 0.19628202214451582 0.2469022732413827 0.16930242707978804 0.16514932681062597 0.25642198818237133 0.19579782820898955 0.1249742458126279 0.21110844156402192 0.1470793588944563 0.15496147993157233 0.12842493069223648 0.1633295639500623 0.15119465733431714 0.2204036949123303 0.1504709847397657 0.2688175182016396 0.18150170162283677 0.11704971418850674 
3.64583333333333 0.22152972179646915 0.21918348601655085 0.21064111909625302 0.21713137610316868 0.13461362708086194 0.20535245790407822 0.20160673866264842 0.2459455702537837 0.249179617566443 0.24386901346121245 0.10462793567052447 0.13552061168301166 0.11921551099516321 0.14686575649535344 0.2044157690321244 0.27336820319209487 0.13861658881824637 0.2703111575041461 0.22662923446631023 0.22209794808444716 
3.7109375 0.17927375642335983 0.2655305894844414 0.1468572718259107 0.15639230264167953 0.18673545808775394 0.14284114656481217 0.1512864825055935 0.2215595560948979 0.24060114082098447 0.14783443197343646 0.13473304094778288 0.15920588698337335 0.12253369587450426 0.1992272682717115 0.16983661373996042 0.24688373640819564 0.13638002625735113 0.2121012579980087 0.19162983020086755 0.14695114873658785 
3.77604166666667 0.1247009066662247 0.20720239115755273 0.14127828607346515 0.13737922572066974 0.18036993489730063 0.14754831882242997 0.1509024909553166 0.17935619002265224 0.18458187118731592 0.15254140074137407 0.10484551674160679 0.20210133406019926 0.1595720626695032 0.1831470702693899 0.1715606282318271 0.19473087037371603 0.14477417004846926 0.20127734989422097 0.21457592502762884 0.1339880196527394 
3.84114583333333 0.1601707719212563 0.1878444193408422 0.18175546172740226 0.17406990440252418 0.22226085360443235 0.14423026179362058 0.13034401433516193 0.26879282278991157 0.1943637507979118 0.22154917326032839 0.1697632227852228 0.1859680936024382 0.2482880648140603 0.16143581050481587 0.21882985540196867 0.24290153219408323 0.13053940069283707 0.1991870317129875 0.11945433200306893 0.1295385059809405 
3.90625 0.26420596795827067 0.2090115288679641 0.2150413798494758 0.18904419833647781 0.20288400542949547 0.14432782302967476 0.13231555275174317 0.17571082347418973 0.22622951854443482 0.1350262993531528 0.1824279568814937 0.16322853056556036 0.20473741492724154 0.1337949643510392 0.15979893869818937 0.193559439502505 0.18665606614051744 0.21374533036428767 0.13228350901620287 0.12710225389911067 
3.97135416666667 0.22506089889987574 0.22265708461597275 0.19152034816523336 0.22058356174391305 0.17352241898721696 0.14850336376459242 0.18704590629650797 0.14643119316517741 0.16638856913777272 0.1692630607269073 0.18450787133474497 0.18249761956007973 0.21062847283556524 0.18438257525292884 0.27206127455240975 0.16987732118637341 0.1960382405935793 0.18615259008795185 0.12857777262000447 0.1152284392880132 
