0.260416666666667 0.1938374594308136 0.16393345014693209 0.2670114406170114 0.25876410106076625 0.17208708104351958 0.20008212220739055 0.16485043526903007 0.14047313532704653 0.2121817127043067 0.18466374722578793 0.19245953047703862 0.19725173759277007 0.1663129938058836 0.17560208473408437 0.21222843782223313 0.17491286986823937 
0.325520833333333 0.17644184000607016 0.1665587801817467 0.22472403021574133 0.2985169621831283 0.22491362269847315 0.14207426621141175 0.16165582141103452 0.24024406238968068 0.1555784263549596 0.11666008051348571 0.28988563295360154 0.18855235214688967 0.20083139081546617 0.2070485484180065 0.26771868151510836 0.13985855582304538 
0.390625 0.1628485457491651 0.17672945992775088 0.2009518273493361 0.17617908395252815 0.2705998018141886 0.17262887729016763 0.146351311578845 0.1609363746201085 0.14742875139184042 0.1672152496898412 0.26358588476526906 0.19657907690111442 0.2238432284247436 0.1972516911945825 0.20061963510300265 0.24672660210199152 
0.455729166666667 0.2227543096958119 0.17788277731817068 0.25188371216044225 0.1380905573704072 0.19353792396829014 0.1902477707549014 0.1911754313275437 0.12595284925800604 0.2300779276740181 0.13779325507022921 0.18459313687007192 0.21228793546504823 0.1557950321828069 0.190832301984738 0.17130724111578 0.2429776324971072 
0.520833333333333 0.20767124284133281 0.14189969951947917 0.13542651742779307 0.11604683582739153 0.16157570784965944 0.18181629981877057 0.2820611422336502 0.24595810013945918 0.2127730260327092 0.14623456563430245 0.15665448775836072 0.186957616498659 0.13815771368847413 0.16676415863051303 0.18343804205225303 0.1580567620401657 
0.5859375 0.2625214718029201 0.15010820264753835 0.13150814064376587 0.1609586449905092 0.2311366152211213 0.243795768980266 0.21022298716178908 0.2807527923509326 0.20368774059732536 0.22438768976314516 0.14644825961967806 0.20325559556544714 0.24780967147504296 0.2004619085764154 0.2033744502177246 0.25307749616048647 
0.651041666666667 0.21992911868316445 0.1472718951099074 0.19223193145047937 0.19950620587381265 0.18456402902028568 0.200155629715565 0.10194271966611668 0.15367088716357688 0.1672535182582827 0.26147467315909717 0.18298530286437026 0.20423273904014583 0.2631136418613326 0.14278398846555834 0.26658910260697666 0.2689311004177335 
0.716145833333333 0.2768555334215002 0.14546863686165326 0.17626792745618491 0.1616816660491276 0.16508357866414813 0.1760177419769144 0.16826402878840183 0.15251383024570073 0.183282191217643 0.18788496487863954 0.18204265408230152 0.15875778963892032 0.2537833771824747 0.15413726619336696 0.18526272053313994 0.17948059558696558 
0.78125 0.17738356809482084 0.1913546888015934 0.17355416541738086 0.17165890555007457 0.21196536364165242 0.2101827790633778 0.18604262148800754 0.2025480947726178 0.13093072662292715 0.17214240759596516 0.17811769610668302 0.1468077574818252 0.25000782808334915 0.14645740594018977 0.15635965150292497 0.09326475150140509 
0.846354166666667 0.156691494341248 0.17040046480272222 0.1978820287639814 0.17128472199068667 0.18660434290185718 0.17127086907043002 0.14590951008358424 0.3022722993920492 0.18416075292015516 0.17879973193118653 0.2062986656188068 0.1298108525333828 0.22397943508631146 0.13815811639868994 0.1457693410600181 0.2460254313438065 
0.911458333333333 0.19586258071725451 0.13833576386927776 0.25455966305555977 0.16804458773381512 0.18974614342315427 0.14805420733015023 0.12504072590691565 0.22783632002348983 0.1953238048820399 0.18702098614843837 0.23816386656726124 0.16959444048900255 0.18996374887495782 0.16089572992952675 0.16161977807635394 0.23849077915518832 
0.9765625 0.14751635643923122 0.18521404420566412 0.16569959829255523 0.21592275160798152 0.15038093548981954 0.22345050620524332 0.1935363497102053 0.20634993940235852 0.19450719165983732 0.20291067534576274 0.21293339879836232 0.15162178680642308 0.17847697487673428 0.17432656931494306 0.24428742799287825 0.17677986630494016 
1.04166666666667 0.12955071489381856 0.1522296499041484 0.1694083687539211 0.17126706867379202 0.16108283584543412 0.16039779127244233 0.10942987496256498 0.1756115010053397 0.1971405878185854 0.2089147750326234 0.17990032580514675 0.14822725715661625 0.11897118705950091 0.21133775439191863 0.20355547181785763 0.1610793386723002 
1.10677083333333 0.15287665109392096 0.17872037204637642 0.17815274729974928 0.18186180673141236 0.15244359066109034 0.18361610704230413 0.1622256600499988 0.20623278314802365 0.15811024878129748 0.12183396966056631 0.17312244985210878 0.21950250435774177 0.15885353345272132 0.22210599921300095 0.17921772163953686 0.2557758996796962 
1.171875 0.19168108768553682 0.17438538167228373 0.17291586128824132 0.20278896215133232 0.15757525459271454 0.23164883396895544 0.17004455752087516 0.29220376327610686 0.18907888919995142 0.14080435621738532 0.14126235702231574 0.14273212114173536 0.16468332902229973 0.17948810138924357 0.22749506458567673 0.24939928748482626 
1.23697916666667 0.16985047518202243 0.17596988623383625 0.19228031166411574 0.23991339602855857 0.13166487210197314 0.190081399540741 0.20853932693871363 0.24114152097680028 0.2075521071379483 0.17308057503412505 0.13822549971947584 0.24497859047068293 0.15123092558676432 0.22548510033699257 0.19971524879865632 0.31991047884660445 
1.30208333333333 0.1450125906207198 0.14555221438013083 0.17966510710991807 0.15435668602690103 0.1886836286552233 0.22256411002591167 0.16428757493738122 0.1807286475756461 0.1988919322749996 0.19563526677182644 0.16368163534007588 0.25983915532150464 0.14202952839305488 0.18614068481638602 0.18289921432522982 0.27198976565936556 
1.3671875 0.11777530332818796 0.149775226126451 0.18088528458939204 0.19554640075587176 0.15597596436227543 0.1395552291395305 0.13952188269423743 0.1743952172281523 0.2139075648533218 0.1968041763285747 0.14553481655981332 0.20454317059601143 0.12458074123573727 0.1753986225239846 0.2271213364114891 0.16007474226606241 
1.43229166666667 0.24467267431654147 0.27365403843157116 0.19508367154676415 0.24870605935365941 0.20635380350908641 0.11586509604414526 0.2234782326907637 0.21408350984315944 0.23028086968722153 0.1682712938617969 0.16177780664195693 0.172449333250424 0.20194695865492088 0.2566205950252388 0.21182609499246705 0.10707816433166531 
1.49739583333333 0.26227474239589676 0.24817333936388253 0.17052101531993272 0.1667980330605652 0.17750621014765933 0.16429117950265734 0.22473080779418453 0.20306164527683987 0.19711885590178824 0.10155328021553604 0.23017248323606723 0.17401716938640843 0.13375359188852387 0.2460690517617201 0.2137734649140719 0.13468688380589747 
1.5625 0.25178570797142125 0.18408173847963905 0.13652932671609 0.18962574156248183 0.20157544188009513 0.1827891935224906 0.19913900495418246 0.18943030995475524 0.2096452411594818 0.16403627239983476 0.1646162537814275 0.22255037039536774 0.20980784401807184 0.23677734003275996 0.20991453896046275 0.1029074573561369 
1.62760416666667 0.2609152808598764 0.1772713690117119 0.1973835376219576 0.19503435413068568 0.26931032673253835 0.19011320073035393 0.1671405997014099 0.15043207290657754 0.23312540771866896 0.17310267865991075 0.11834838928826939 0.17076033739189203 0.17027489607949897 0.23318095238053949 0.18478593656394615 0.14249514499963956 
1.69270833333333 0.27552820918776205 0.14762500000899487 0.19754947163008293 0.1936778670771687 0.2409813403051637 0.19676045920033652 0.18082513925853883 0.2457242120492054 0.21892887909027636 0.14741399878412673 0.16816094156868136 0.12853693452714532 0.23155463021292116 0.2525343870170615 0.11581934943738346 0.20677689395543586 
1.7578125 0.29350681367636866 0.18014389230837058 0.12197524098581043 0.16789242811365615 0.17907303522696041 0.15966516041763584 0.12379772488016656 0.2409856501388057 0.12897916165373088 0.15475263702707026 0.16001265331829145 0.2529799374051975 0.35359125608416675 0.21592643938451572 0.226431173694289 0.16337763885709683 
1.82291666666667 0.2621030225422442 0.2667225853686144 0.18689129434941648 0.13712752249367924 0.14319175885329274 0.12836657849040792 0.2320813322607899 0.28163932977210676 0.193629990695984 0.19181500205603513 0.10892085440789687 0.2628633274396104 0.20875535549010846 0.16892544895997907 0.21985090789940578 0.1254007603866876 
1.88802083333333 0.2598560632105809 0.18226841859887002 0.1583271911507413 0.18293287737130673 0.15831217604613382 0.1475470808502346 0.211845215699861 0.2156991900340161 0.1590244292402458 0.20851118868078125 0.14327715723027415 0.15565869009986683 0.17564253601230453 0.17788937948832673 0.13603510048684786 0.14038587011255033 
1.953125 0.2478192673146522 0.13804828757249524 0.1675755641734696 0.22050600667304746 0.18343087072719377 0.11201457616103956 0.17680450691545746 0.18432610050323872 0.18293033132210823 0.15793012147147517 0.12821776272662028 0.14204139481876374 0.17193886019836058 0.21651975511755295 0.17983291761076006 0.2028522706378943 
2.01822916666667 0.21861387495539678 0.1205875364897247 0.17247085895680658 0.23601885171050324 0.24811028327042395 0.13571109413971413 0.23793065308450617 0.2606072426390097 0.1729109470878502 0.23897109723267182 0.12980306041731904 0.1813008421696735 0.21232919313949206 0.22110460458415196 0.18124026932706477 0.2735651345250122 
2.08333333333333 0.15169734777445418 0.11672416215972849 0.22425900780634148 0.16470088097398533 0.2900645619676072 0.1882600511735642 0.2360782973187336 0.23570605379415882 0.18561190151071583 0.16373290913980634 0.18824673316220308 0.13894919182114765 0.18859455479042295 0.13834606676215297 0.14844511890631967 0.2455628539809713 
2.1484375 0.17006363986664358 0.11648195490403754 0.2920569698486568 0.14807443199239764 0.25310896010681005 0.1574372130274406 0.16943777527232934 0.16730168342120968 0.19486926266993523 0.2011020690354251 0.18658919209263763 0.09987285048955083 0.13069985480922366 0.1548504421926876 0.12514371941908925 0.16406486855466448 
2.21354166666667 0.1348357316724196 0.18653606037007142 0.3005132337562131 0.14916840298208142 0.20689236513730846 0.18069135279387055 0.15434449106420225 0.15064798727468962 0.14514432895931378 0.17041409955359765 0.1783143305571093 0.12837778523211035 0.250505040913449 0.16253354634333295 0.2069062695424847 0.11679327972504686 
2.27864583333333 0.17593327940182638 0.22389572685931738 0.2065997421589712 0.12919866716050324 0.14893912052853825 0.21922441148257252 0.12729887672282694 0.13380200000826545 0.15129366713908599 0.18555334016534708 0.2073872218859106 0.20095593599311054 0.3015920383869833 0.17678570593791415 0.251749157621978 0.17146201104742365 
2.34375 0.15756865824080374 0.20456842956420637 0.13546339538716168 0.21173974629637868 0.1640848313371892 0.1330878720996267 0.1767276181726779 0.15865825887061116 0.1972998554104677 0.1555941416199234 0.20867081987867186 0.25784913694865813 0.19217986659450328 0.12122570901473508 0.12235960876775477 0.17456899870560855 
2.40885416666667 0.19731276735870043 0.24539731543169854 0.29507332918058937 0.2687928995308715 0.16757081234235063 0.11673205745339725 0.21051122120146018 0.20904913909778233 0.15216389596371338 0.1658794297741068 0.222010166113851 0.15796907650859 0.21512368202892762 0.12703282354624307 0.12569491907208055 0.13587315019936733 
2.47395833333333 0.19033585372040654 0.22223560387255653 0.2628567472317643 0.23722614922235963 0.18827488937496706 0.2132369272927744 0.22918963536968154 0.19531739368094767 0.13888894916393774 0.19846437359910613 0.20307052844680754 0.13303618065268402 0.28742705468623664 0.10217339921712257 0.16897835938562883 0.13173303139004355 
2.5390625 0.14299721033904397 0.1645425128434551 0.16358545958553097 0.12097222929568327 0.19167387271533562 0.2361799414032725 0.2494561014360052 0.14464463869340097 0.195357651683029 0.1310190444109243 0.17176169708099642 0.15321046406018238 0.20042898639876003 0.11811287450407872 0.1275483470370642 0.14508454709650354 
2.60416666666667 0.1703922609681515 0.23605236222905276 0.19300012079345838 0.19622481713585682 0.206351446410182 0.19822470754769364 0.23482741635033003 0.17895593102389845 0.17759006722981766 0.14350102711641496 0.20561970390590795 0.18798650570597814 0.14218697175604547 0.1434473744939874 0.19520967533821618 0.18825668544595683 
2.66927083333333 0.1254578588970909 0.23941254887180383 0.1320850482257635 0.2348216498740376 0.1849771994047234 0.15622809158896958 0.22215982561680078 0.12193917483060725 0.17091728407488999 0.1939290474539683 0.14634230090867936 0.24280287497500044 0.2069916843435508 0.16400523929600086 0.19584251883196366 0.10562605313391585 
2.734375 0.10375144662558702 0.20586592824880864 0.14061612613059726 0.16755210016724892 0.18844681453909978 0.20496580150857688 0.23335009683566843 0.24879759208844973 0.16149679792005128 0.18663668425812385 0.15634335039757152 0.22469829570930538 0.3030047852279146 0.1637030052666321 0.15385120747881492 0.2566523881591006 
2.79947916666667 0.12418978626727287 0.1718044618804152 0.22586784679692518 0.204399091742868 0.14071839996101404 0.18403637798086306 0.15631164654307267 0.2128034189712078 0.18908462489199165 0.22190703890619776 0.2084111318805984 0.1512802363603052 0.3215864993207447 0.17632258345381296 0.17615979378568275 0.2589128991254445 
2.86458333333333 0.14509958138705917 0.17156872065899567 0.30009278736922324 0.18310953691622786 0.1989342657578348 0.2572394481450131 0.24721599472012834 0.16785651460596313 0.1500059429296127 0.23215263481487672 0.146430836174379 0.16779866634924062 0.17119934590815072 0.1970149769324004 0.16987354878492442 0.21185197396242217 
2.9296875 0.09574760979076619 0.18987193996681373 0.22252668485979904 0.14506127915467418 0.1770242177141689 0.15836803668413 0.3031301262088002 0.2183945987597562 0.1374940982436465 0.14400565342562516 0.1598907434585006 0.14556572806695278 0.18666579784987022 0.21547180608719116 0.22499296564994442 0.2539000166407378 
2.99479166666667 0.16622891653723335 0.14308670320839226 0.18599635066814268 0.11176253536508234 0.13351217152540903 0.0883753472406838 0.1717757780130018 0.15443182224856328 0.14451988154360199 0.15763258169977137 0.13035914408837754 0.20861528448671912 0.19116815035584037 0.21090058821126606 0.2461584902036607 0.18582504666841007 
3.05989583333333 0.2821659187883731 0.2283872437264261 0.2359674891914815 0.22371188020701993 0.3088857563069441 0.1895420536864632 0.25284529504655384 0.21677213933178868 0.18885433386956768 0.2422919022845222 0.32775157504367336 0.2760878512638658 0.32586021040677393 0.24931960659771693 0.24318716261826825 0.1860019243172511 
3.125 0.5274427895164155 0.25523335233351346 0.24346934254360952 0.38160306166943 0.507299767156518 0.4518302153204949 0.32129997957912637 0.2654125245063519 0.2980600661519314 0.4965412102234834 0.41702104681995555 0.40045375540107725 0.5137876254222583 0.3483440021623497 0.3026577355398453 0.22468563486386278 
3.19010416666667 0.3703036918120024 0.191093853911116 0.12062979726720319 0.273028171259473 0.3598981398776124 0.4028108877256371 0.2017862590962105 0.1647535321786016 0.17006713935848747 0.4735079435875571 0.24191204132308683 0.3808608227743038 0.33666957513935025 0.21453208668587923 0.2635216220305549 0.16633798874119438 
3.25520833333333 0.16168140445822335 0.20180373939546098 0.13731826313524903 0.24139901782119924 0.20354336983604834 0.21266840134301837 0.14549185041565013 0.1349400048202506 0.22000936910166083 0.25958025348483416 0.2121786704975834 0.22796905561013284 0.19158784928976627 0.17094227674810344 0.25031543326635425 0.17611710758821403 
3.3203125 0.1499416470323761 0.21549205118530557 0.20434640616094846 0.2328263377880338 0.17937887447780054 0.22913390534849634 0.15670042565843062 0.15794210318781673 0.1715753651090215 0.16932378127748923 0.19988614811715655 0.15465206801394465 0.222812245157114 0.11218965581423639 0.2283588996939633 0.11777437758016877 
3.38541666666667 0.17085987087701193 0.20221687054107504 0.2015787656480401 0.1584975150581392 0.14478466659468436 0.15395603232558913 0.21356422542667003 0.20218568178825944 0.21655455149624792 0.16932560470970784 0.1453487279732954 0.1583261685876777 0.2679632884659934 0.21651617398678763 0.15859390661535197 0.22784551075812498 
3.45052083333333 0.13906017389231826 0.1997820564990089 0.21993595338379182 0.21120296661011287 0.15159740998944254 0.1317997181537453 0.17305935790722346 0.2137483534509439 0.12540070297123512 0.2175813540371559 0.1666315234840712 0.17239978699654684 0.2816031193835772 0.20521867523412965 0.17776198145498756 0.2075132536243942 
3.515625 0.1232546276669594 0.15947604245029204 0.28391438418893294 0.1698303595192973 0.16465763255247146 0.16656337757737583 0.1496128195214613 0.2466101641747259 0.12017349826577856 0.23083380777476006 0.1720658447895748 0.20847280846452207 0.19465599245259854 0.17598138622200066 0.12665600749537603 0.18117900299175937 
3.58072916666667 0.14746339274510284 0.21330859962289572 0.2207839253658298 0.12586457110147933 0.16198085123408962 0.14652157525968104 0.21974634350381833 0.15604786975021517 0.16390212850980687 0.20210045903541948 0.23484234256305053 0.24539026195793243 0.24965988038436016 0.18561574177984777 0.15561644211552084 0.22910206294072216 
3.64583333333333 0.14673804763925816 0.16308630645659472 0.15195254941648617 0.2572473266882963 0.16335524700871265 0.12994424038362087 0.20190403828015113 0.17178626304040368 0.1688362871564425 0.17868633909914516 0.22117605074097063 0.2565746377437432 0.27084376160552215 0.15582141031128785 0.14582718505949668 0.15344489138726608 
3.7109375 0.25854511828984533 0.16508295284021135 0.2149254346384663 0.260257632934513 0.22414952864742946 0.10003699114661105 0.14859922502791145 0.18718239207420379 0.16195429332165978 0.1843818390333749 0.17697807576690436 0.1373316502317175 0.24293949371104126 0.20151092123247866 0.16512451012711368 0.2372076879492173 
3.77604166666667 0.22924100218617854 0.1864109581232117 0.21443985985383104 0.20873135946517568 0.253313222901635 0.1336033198116056 0.16278648961784747 0.14330989591766835 0.14700930383362318 0.12401059378093912 0.2091460508212798 0.14051700467724493 0.15725635973018157 0.17291547158814458 0.16773812591369403 0.20897285135719537 
3.84114583333333 0.16308220938949192 0.18326340475414457 0.1770028039060059 0.3362650195556119 0.24198696959139135 0.20810626822559042 0.12375979714002187 0.17464294630336114 0.14139229317509533 0.13667747894026647 0.17705674952531048 0.18021502937050604 0.25363227567657626 0.22206672315879197 0.13773905599561212 0.10422575769174251 
3.90625 0.12746009109308726 0.17172025470580207 0.15533881113601258 0.27086237856680906 0.21974722795728183 0.2767355803750252 0.169393374182096 0.17829014490554326 0.17355422131714973 0.14761320566778818 0.1950974983463913 0.22071782800820794 0.22135633378110006 0.1720384963529645 0.1706510145578417 0.15824361765924763 
3.97135416666667 0.11537158330506751 0.1980161377609863 0.14937868869514062 0.21845363037265653 0.22667364464576684 0.19293593998899713 0.2106418500180963 0.15673833369226434 0.16585989047318137 0.15415938357425968 0.14697195528598392 0.16332634358075837 0.1383884264069505 0.17821521963715317 0.132230718644586 0.13709971944023963 
