0.260416666666667 1.0 1.0 1.0 1.0 1.0 1.0 1.0 1.0 1.0 1.0 1.0 1.0 1.0 1.0 1.0 1.0 
0.325520833333333 0.7036782287154387 0.5266676373775527 0.6447368280019381 0.5122469428794543 0.29286446789725357 0.6841473565280939 0.6392417397919711 0.7937862137273333 0.6936784419555622 0.722232434797103 0.4767763228592212 0.7620714521982112 0.8919218679930278 0.7476341407837636 0.7154228895245753 0.8574018140989662 
0.390625 0.41178657422476656 0.35814529844011933 0.5701934041319389 0.3474887716074306 0.1299422062623851 0.49069121697898027 0.4869412827251666 0.5960638139576239 0.614668267737073 0.7629682672108149 0.2949108702606981 0.6381101663741372 0.8021696792663139 0.49922956250367884 0.4975492429428757 0.6719228803330514 
0.455729166666667 0.29322678902543886 0.23313453185802366 0.42960737934934207 0.2536639750657409 0.10512412664050855 0.4561206354684791 0.46800810519040476 0.3125311082433803 0.521321364134469 0.6843814518046587 0.29915378476223214 0.4537644973253935 0.5018055516836983 0.3346994661624721 0.38840718453728634 0.647342991151752 
0.520833333333333 0.2586295550914204 0.147766664911845 0.34339031546604865 0.19322695269242346 0.09319068446981635 0.44798411034861724 0.4141925657650326 0.1887105172370228 0.44592551882217557 0.4651642291812875 0.34287083933272594 0.36542865792043333 0.39333170165025744 0.2425115889405166 0.3556918639117362 0.5498510570693396 
0.5859375 0.19587647234439817 0.13492888421689792 0.26954696146393364 0.1692917094406835 0.0780726202851089 0.38824854076997045 0.3369137471947455 0.11211478218546761 0.3805508586572879 0.4552776608844395 0.2635482281694274 0.322841660091909 0.33343609612211117 0.17227531421076303 0.3087489070018425 0.3641865323810253 
0.651041666666667 0.17395147663175703 0.11398877326573652 0.24037859850683432 0.11823845415123459 0.060428090804886814 0.38229331944356587 0.25118093073174314 0.08329607655688308 0.3515304610345563 0.46033800715440426 0.16836591573983745 0.27400675265996177 0.2611998927800985 0.14846674920750588 0.24762616487783753 0.2835323424321062 
0.716145833333333 0.1549531548622663 0.08515677449707913 0.2028031458063571 0.07830477589647737 0.05386174366607565 0.2418409163530862 0.19867320648147846 0.06768687413201438 0.3846963481160966 0.38827026721242774 0.12169671676622403 0.2754821089284001 0.2576772409711728 0.11745973470450272 0.232738194405233 0.2016738462795058 
0.78125 0.12649772484309035 0.075606914034119 0.16855171325980575 0.07733311660150052 0.05364568775753774 0.324926797686546 0.21199399637855387 0.04217093247255409 0.3634196247868464 0.4199893486707878 0.11404854149117066 0.27745468575971177 0.1925624306369692 0.08984517866059463 0.21465832722614267 0.16565375096492274 
0.846354166666667 0.134859307081238 0.08866061585117296 0.16826080156499454 0.05758505103995563 0.04089080596980885 0.36128891449157213 0.17069571844635112 0.03744274557625362 0.32836654266620885 0.3568506226201383 0.0833629357810225 0.24842437426703157 0.17072968185895449 0.08676201517705227 0.24026324346740568 0.14331955427082882 
0.911458333333333 0.1335034333529383 0.08420851018470593 0.14901833024312047 0.0361670120328361 0.03290834968583201 0.31932208262891976 0.1554391527212367 0.030777914080918702 0.29695155076058466 0.33047935194174427 0.08320588765130697 0.19665583728499275 0.1759267850957775 0.07589520582111477 0.2070877387997672 0.1381933365925103 
0.9765625 0.0914366614406192 0.067668843884917 0.15683894327493167 0.02885278454255243 0.03827315856754085 0.30472903439843513 0.14245874923381896 0.02773712307736567 0.2933924138095789 0.30871420653554604 0.059483946589752604 0.18183853011010884 0.17317802922106412 0.07168824433902186 0.16808313858455068 0.1143064615768006 
1.04166666666667 0.07222801957013578 0.06289522654028158 0.17892904992584674 0.03359949352241265 0.03603495944245246 0.22196465798740475 0.11029939345594013 0.029841809382885037 0.24225677749651242 0.3211890353680667 0.06138790548582512 0.14928342530522434 0.16745397757625818 0.07413314646553121 0.1533545391491752 0.10348811160612893 
1.10677083333333 0.06846642056689842 0.05051383746218933 0.19823192308175341 0.030332517740201223 0.030263387369542052 0.1981649770729342 0.10622914277214951 0.02192857659980651 0.21084605076130322 0.4901929141767763 0.06746235820062493 0.1493630760729141 0.15084020082656235 0.06949836175096444 0.1477231119257115 0.0996392769572325 
1.171875 0.05486035965651661 0.04845377960610213 0.18336229350515873 0.023084300094900496 0.03499723763537928 0.20210732069364823 0.08183839711098535 0.0243460928798642 0.20016110407239548 0.5934231922107382 0.06336998810949647 0.15791511162285368 0.14912106538709757 0.06402368618368037 0.14150641366498526 0.08383813438543061 
1.23697916666667 0.05324257266717549 0.05764457852909103 0.12652120908829922 0.019925018235000272 0.0293971802744309 0.21505620402065392 0.056676998752080404 0.028167594135724658 0.2176943100927122 0.35699762808418145 0.048589492029402645 0.13497212292121 0.1442077182329235 0.059274071393244754 0.15460447494426358 0.07685322033655922 
1.30208333333333 0.04323340261381097 0.05520081407677137 0.11084091314849041 0.019724624609610386 0.024481014266638613 0.2661289105025048 0.05941301330696621 0.020097353827062694 0.19467978805053107 0.23548467790318317 0.039745838851249056 0.13660172216299385 0.10414699845316393 0.05342761613213645 0.14354818746983633 0.07705149444123498 
1.3671875 0.04651694531221545 0.03911234995243416 0.09580424685973857 0.019678848626569927 0.021242988006421357 0.2323411021845636 0.07284095510270563 0.015641521644296812 0.17666317198462206 0.22747815935125848 0.047342674828575716 0.11351888914935479 0.09713661566552723 0.04681991551004506 0.11226490271063777 0.07750498738353227 
1.43229166666667 0.04262668886854748 0.041586122548689756 0.07874172076447841 0.018183798884193386 0.019594475207556788 0.23364983568315156 0.05565785113683469 0.014585893930312871 0.19143388757882146 0.21207713599412 0.043078703782172885 0.09031529599718142 0.10871577974506107 0.044430235586005076 0.0959121205580549 0.05590683647753366 
1.49739583333333 0.035903830026908744 0.036590094193107235 0.08129315529645813 0.020457288015214938 0.019807987701639863 0.244247462741396 0.0463880816859941 0.013626006157580544 0.191150140913621 0.1601019359401623 0.04851373607492068 0.09261381982450173 0.11500941338031521 0.040912911584259165 0.0916129096659031 0.057769638203013805 
1.5625 0.02674629776851559 0.03841368398047751 0.0647940009949196 0.017675337710114335 0.019321602331964272 0.216402200776214 0.049101142366338356 0.012145403266583449 0.1587598966069002 0.1983917442037999 0.050980477233842865 0.09018583267147112 0.10892762341830296 0.04253138663617915 0.10566350278385458 0.07070780595387749 
1.62760416666667 0.03055245724903404 0.038278546714208675 0.05532037609551862 0.017550446967433995 0.016931815717848075 0.18315541494022658 0.05283674223625615 0.012288468798595591 0.14535134587728657 0.2232532879346274 0.04088288195776001 0.09775436194197186 0.0947624674773908 0.04054756633673086 0.09304505887754114 0.05640531658144161 
1.69270833333333 0.03036409610203627 0.03447445476992974 0.06710666255699137 0.01911589717812786 0.01773623999740333 0.17222428940966628 0.040664361298069364 0.011950558974661806 0.12507259856589417 0.22579659404568778 0.03359445769277425 0.07975776938618721 0.08330982316711011 0.03850169158562554 0.07965244708940002 0.04424097834985221 
1.7578125 0.030154810536583483 0.026941621922375678 0.05921554785433758 0.015370651743814918 0.015620177723347322 0.17366817021076714 0.033430465434763856 0.011547160548012783 0.13265754608679364 0.17433460621247707 0.0361228621186768 0.06512821864014014 0.07394992863554369 0.033648933441550614 0.08940016470258749 0.038499181916631035 
1.82291666666667 0.02548921503190518 0.02970869535567412 0.06085627983777003 0.012253655379377412 0.01546454118959975 0.16104436977921063 0.028053596581526678 0.009865219110472211 0.13743706945789802 0.18783413696373644 0.031441944610734726 0.07868450322604283 0.07452287582213409 0.02948428806024743 0.07773585946374882 0.04367456783751483 
1.88802083333333 0.023797032016064756 0.027328798835231486 0.05535809060280603 0.011136490097315406 0.014706814022470144 0.14384109155917657 0.03444238820562215 0.00869448150291786 0.12909834142380308 0.24358245691923763 0.029746088616625557 0.07639792151633347 0.07186172358427957 0.03709889475821906 0.07351081864537694 0.04717484845793133 
1.953125 0.02078918091180092 0.02410045210129557 0.048378943375151674 0.011405727100265127 0.01341351843694897 0.11063745863655236 0.037046723223191 0.006474089073150952 0.12419991341610076 0.2548386754734677 0.030437190637780137 0.07139802775008948 0.05513740869748959 0.031632683618045256 0.0742796996678095 0.047674719459527094 
2.01822916666667 0.019603400633545345 0.0224619784073234 0.04683502937155187 0.009246306238142543 0.01388043481665924 0.1141317777787266 0.029447013867414253 0.006980706929872504 0.13081287476110753 0.19587870236098243 0.024179017612682988 0.06266112791456582 0.06086629640544158 0.029550317383524854 0.07711563216652126 0.048315102529736 
2.08333333333333 0.017112311455990778 0.025866713828296785 0.049150223077271446 0.00924704808946337 0.013283788827260572 0.11537959818329616 0.029050493923864353 0.008187559776544706 0.12910004287044713 0.19642092868491193 0.026916952620571897 0.057338954779876536 0.06480002266500524 0.024203597903089204 0.0691572146557897 0.04484781206370937 
2.1484375 0.017167763819076913 0.024195315190779592 0.04895512957487952 0.007052894430007534 0.011355185416677302 0.08177017227111968 0.031672562577361195 0.006861757641662182 0.12099318941527556 0.1883841278969009 0.02856927645563985 0.05379211756733295 0.07152301193451464 0.020204536308888778 0.07137062340899146 0.04217446299094665 
2.21354166666667 0.01780223050821745 0.024994867802061827 0.05565927466562354 0.006630234117011526 0.011686449735076397 0.09827296930727943 0.029587950191088546 0.006026699980649186 0.1324156873842376 0.19241399928938807 0.02872666776585465 0.0600693430280564 0.06328563588118748 0.02333299304813945 0.06344899383464134 0.029813376176751002 
2.27864583333333 0.017931298325700142 0.02482776039458784 0.05592041732053959 0.008253449159860688 0.010880791729910473 0.10015938912525214 0.028060862242884115 0.006358276669883244 0.13319462110069055 0.19547136808160337 0.027045951690218697 0.061496918320295205 0.052140002503284065 0.02621131058789961 0.056651311700740274 0.027885008350065296 
2.34375 0.01766125105129507 0.025564899964210436 0.05596746874566165 0.007535998665089517 0.009837374596415382 0.09285241838568328 0.022014279985205228 0.006214540691246057 0.12548672942670608 0.1830823582469712 0.024373527406851555 0.04705666182472821 0.04053627132900778 0.0272017487278254 0.0544865775768482 0.026041558869080893 
2.40885416666667 0.015826872343298957 0.025090055461875944 0.041536547279196624 0.008843880561370709 0.011774659186029709 0.10423252581343004 0.019825582233278096 0.0046059727527872005 0.12330081137659323 0.15769440380798902 0.018280030196927966 0.04963925932741713 0.052799350728835355 0.023594268392816427 0.061670627026098775 0.03464046077483094 
2.47395833333333 0.01599208762758547 0.024983378239221136 0.033935201663930194 0.007758625163444019 0.00981854933784016 0.117063259400747 0.020092443061807512 0.004939551210392079 0.12207165882072064 0.135274338943082 0.022309419406807324 0.04461569285567939 0.06499583011158817 0.01982216314942519 0.06341973084637778 0.03688094359929038 
2.5390625 0.017359937462386163 0.021217429932021536 0.04153245944255088 0.007291264755812842 0.00964624686502964 0.09486297556599504 0.018084823013356753 0.0044603390226595485 0.12186688894495215 0.13293889666672648 0.02523507239362345 0.04785060549919309 0.0638844888372029 0.01958069476413569 0.05651704518081957 0.03328944990796762 
2.60416666666667 0.01450213599207906 0.017746796137035926 0.03891088519064595 0.007871523660823453 0.009341512683463601 0.07509169285481215 0.018180050189048644 0.003874405355304883 0.12217849249214977 0.10986633619040481 0.021721375739247546 0.05705694483554823 0.04381202226543152 0.022141351288452352 0.05403935287300412 0.03759766821426558 
2.66927083333333 0.01309808815152966 0.01830975664455163 0.03869129190250111 0.006336628652834304 0.00817552168232945 0.07928864108222923 0.01949044951820942 0.0034337573169018264 0.11838421313840615 0.15935705864068078 0.02046065420759546 0.046644457060495005 0.049465187817829055 0.02056497710847195 0.05807133473031381 0.03297265753758748 
2.734375 0.012188498261227523 0.020205989887569584 0.03994097826040975 0.0053061916980466205 0.007781115578808715 0.09147358568230107 0.017723017827786985 0.002929081776939272 0.10042674709969797 0.1553638374285826 0.019828319544385936 0.04003480651408698 0.049227853835553406 0.020285964558895964 0.048769378455898384 0.02430289284088373 
2.79947916666667 0.012942801547041556 0.018764413045592208 0.031231394764783153 0.0057493321703980214 0.006610311171650026 0.0908677153021354 0.016914382263441927 0.0031295530874312118 0.08832713905227242 0.13796301600287733 0.020664113381669857 0.04416084051365117 0.03987540455259209 0.019002296499330388 0.04493247922861654 0.03192778444960347 
2.86458333333333 0.012357013771559094 0.01631392209274057 0.02462435184244627 0.005384048761670281 0.006362498907553802 0.08675985774741925 0.016084788117749594 0.003397621248028553 0.08808803968916845 0.11513354306010004 0.019321715532042927 0.041858844794518686 0.04175603476014439 0.022857829746851206 0.05236852976995457 0.03578177117312847 
2.9296875 0.012224081057424008 0.013348437109337936 0.030517526999530573 0.005137875170279561 0.007617045666498338 0.08718488568013497 0.012831885951815293 0.003473613331291429 0.09524373037055107 0.10884651904665776 0.023634476561187744 0.03898747024011954 0.04903787272814586 0.024714517728917543 0.05450195922403145 0.034397905963625686 
2.99479166666667 0.013185468462340446 0.014055387814244853 0.030430659153092236 0.005214736154839924 0.0074043325314771345 0.08313497957159352 0.015325889323180972 0.0036906258919297843 0.09495866932025315 0.11000692359297057 0.02236622522377958 0.04018930333479388 0.03626241619380181 0.023771943342315388 0.05402407412778203 0.030091943966113532 
3.05989583333333 0.015132099907204552 0.01759637533846688 0.026750253993038958 0.0050764399295073395 0.007445278044552403 0.1179700404294956 0.015256868056412687 0.0033729090301245815 0.10916316203066269 0.15749495722156243 0.023698376212946324 0.048023535810283506 0.045955547265981 0.022436838041496293 0.0553932423722653 0.03304893422989537 
3.125 0.01956355405547133 0.01903856993442169 0.033877389808168276 0.006597692683424816 0.01152930564182967 0.15282974409445585 0.017423611731721626 0.0034159829092889954 0.1295343704011496 0.20228605658764293 0.029391349215638074 0.061881187824234504 0.061208267025781936 0.023763149548055373 0.06718384226709051 0.031290830231713425 
3.19010416666667 0.013819636029385 0.016036420900662072 0.027166831222148007 0.005792770114892834 0.007995407235388302 0.11430106007436482 0.01733402440802122 0.003213185706292077 0.10062255885815193 0.1158724193426343 0.026133191442808415 0.04449924273195299 0.05256150108026656 0.021987036525549404 0.05527143032756636 0.025053727676412788 
3.25520833333333 0.012586325741568778 0.018109764904550102 0.03500449193737647 0.005019537833713488 0.006061720823218864 0.08947950238055846 0.01578610226138953 0.0030730423687679452 0.09478931163828708 0.10205149907482637 0.021789737337885997 0.03782433430086166 0.045827374596312934 0.019788015600674013 0.0509976593601588 0.03644121051129839 
3.3203125 0.011721788394016597 0.01804058615307602 0.03359393646317712 0.004467242150045349 0.006667428439729602 0.10266140565571708 0.014399184659667011 0.002882181141744886 0.0965886870176509 0.11225650699482807 0.020298046481343382 0.039248092169515934 0.048999100121913254 0.01791823724822606 0.06300502342683749 0.03367721551029702 
3.38541666666667 0.010485545990879586 0.017048211644330576 0.03293418675740114 0.004947056919956523 0.006733471583866533 0.10999009503104362 0.012277841996333973 0.0024355540127759512 0.11723655762733022 0.12011143132046218 0.01910160577915908 0.03876255633356643 0.05582098639632672 0.01778229805927274 0.05644129557782524 0.02548720513520445 
3.45052083333333 0.012590687447160267 0.015442319955541885 0.032556000278498504 0.005448694938446099 0.0063026214508423465 0.09049041633931318 0.010341729023768429 0.0022268625940377873 0.11179235269809354 0.1261366720971258 0.02129393705406448 0.03864354666502316 0.0447246868229136 0.01921557438928055 0.05124265127819735 0.024244929285121695 
3.515625 0.011807203954113318 0.015077333518115753 0.027353661132531223 0.0044844972944734 0.00583093767149349 0.05717114540468249 0.01068195197380508 0.0022943373263639116 0.08786986716923846 0.11704580989166066 0.021739837436916862 0.032570252879006424 0.040793002732495524 0.016453530187867053 0.04882831329845775 0.022357312937665772 
3.58072916666667 0.009109887932692932 0.015333858062055136 0.024752159066667216 0.004439672870443714 0.00621593910908594 0.07028146537497422 0.012099206239971506 0.002236462398273321 0.07549447829583751 0.11278940762566075 0.01835284228566518 0.03578864971899945 0.034354162195099576 0.011908395821252474 0.04464704295355802 0.022747806721669674 
3.64583333333333 0.011631716683425861 0.016975467231002454 0.02774583395390112 0.005093471284202144 0.0065388502767288505 0.08777888955791521 0.012649639046347538 0.0024350069182661116 0.08140421649522675 0.09220289744745282 0.017606932272807078 0.033452713331834125 0.035779955638307125 0.01194501694539483 0.0536541052115961 0.02057996233598304 
3.7109375 0.013634667150425783 0.014589326467622926 0.028533508494880684 0.005226467602413456 0.005577043957534375 0.08089253789488869 0.012686284518945478 0.002195702638682568 0.09169907091530251 0.12099101882070462 0.018571729809844287 0.03232374599704845 0.038738386325619864 0.014801913301336438 0.05537413659854469 0.02392086164498862 
3.77604166666667 0.009715668815096017 0.01370786217906204 0.026411775529387442 0.004683942732223087 0.0056307010295482225 0.07155172207253671 0.012840400982118418 0.0020883510451725736 0.07403177216551647 0.10080139352421222 0.019532286302925663 0.029026651990625284 0.03331602419778582 0.01634703417219941 0.045740796567837985 0.02152641454597398 
3.84114583333333 0.00849723495329281 0.016748938370870006 0.027070196151510077 0.0035261894222113417 0.005593532800662403 0.07354928380378498 0.01259240798917943 0.002374675844538429 0.07315047256840011 0.06835825877148687 0.02152995592174212 0.03241148088201462 0.032504760466689334 0.014449244046549278 0.03943268060775469 0.021215222949843966 
3.90625 0.009231875180741185 0.015330139050959313 0.028108878680029654 0.004063818442831639 0.00467124674668983 0.09179293642287785 0.013350307643509298 0.0017130840177847788 0.07737059081216861 0.07833023488779833 0.018404610973932353 0.04041354891053624 0.04187003340445576 0.013978848533880017 0.03527538333637836 0.01847833914004496 
3.97135416666667 0.00932787580658485 0.013875064008329205 0.026430444902679862 0.0037797783852805363 0.004430219829506737 0.07962177876183169 0.012320431449895525 0.001828175560005996 0.08157774266047708 0.07424547677220969 0.019846362641681006 0.0371666862029886 0.03887412502615601 0.013986464970902097 0.03833569395322587 0.018602496753638058 
