0.260416666666667 1.0
0.325520833333333 0.6665317986955916
0.390625 0.5107988440598159
0.455729166666667 0.398893308900205
0.520833333333333 0.3279916764256686
0.5859375 0.26786618596375067
0.651041666666667 0.22617637537368432
0.716145833333333 0.19143594056739982
0.78125 0.1823974232019283
0.846354166666667 0.16986018313312434
0.911458333333333 0.15285877992989413
0.9765625 0.1392925168241628
1.04166666666667 0.1261462205175051
1.10677083333333 0.13060600833359776
1.171875 0.13165052980120204
1.23697916666667 0.11123902460855958
1.30208333333333 0.09898789811351151
1.3671875 0.09011926714203117
1.43229166666667 0.08415602392141971
1.49739583333333 0.0809999007128123
1.5625 0.07942174616895971
1.62760416666667 0.074932284731492
1.69270833333333 0.06897268251058858
1.7578125 0.0631056279830252
1.82291666666667 0.06272192610672457
1.88802083333333 0.06423601754771319
1.953125 0.06011527572366663
2.01822916666667 0.05574785744861239
2.08333333333333 0.05500395396283682
2.1484375 0.05162763293125342
2.21354166666667 0.05276046079470399
2.27864583333333 0.05203054608146346
2.34375 0.047869604093301626
2.40885416666667 0.04708470670392351
2.47395833333333 0.04649830458987115
2.5390625 0.04472616364090208
2.60416666666667 0.04087078412260735
2.66927083333333 0.043296542199529144
2.734375 0.04098676620319215
2.79947916666667 0.038316436064567916
2.86458333333333 0.03677815068844226
2.9296875 0.037606237676846795
2.99479166666667 0.0365070986252818
3.05989583333333 0.0439884286196185
3.125 0.054425931497505534
3.19010416666667 0.04047877772978107
3.25520833333333 0.03716435191696556
3.3203125 0.03915154137673661
3.38541666666667 0.040474743760358436
3.45052083333333 0.038293355144839294
3.515625 0.03264743717555545
3.58072916666667 0.03128446479199416
3.64583333333333 0.032342167164399444
3.7109375 0.03498477513367396
3.77604166666667 0.030434549865763834
3.84114583333333 0.028312783471908153
3.90625 0.030773992261538638
3.97135416666667 0.029640551105337046
