0.4430241080360364 -0.5417059733054824
0.057783164767223505 0.19180947814314508
0.043596711622037966 0.5202205789788811
0.29607771196487404 0.6164000065260676
0.47846190792310167 0.15872933682752913
-0.23106000890496026 0.13165913018705877
0.44873005872947985 -0.6816736563516245
0.3367488174496817 -0.4397136630795618
0.6194274510355108 0.40495547054675446
0.5480746449299444 -0.1382668568367423
0.22738490691422406 0.14485290720475574
0.30290244967078134 0.09544806421883828
-0.3185879283870883 0.0431494158865079
0.4474232002962051 0.009715297138352305
0.33014567802598555 0.06178691076769427
0.5993509319853786 0.12307303488141379
0.57000873470609 -0.4321186403588551
-0.1449417494901208 -0.07475946116892378
0.604517282100301 -0.3388850944718358
-0.015068341664761786 -0.15704668791762366
