0.25733235593963316 -0.1375051950217178
-0.21859945345457996 0.21255121083481968
0.5234463639235737 -0.2685435705676597
-0.17214038667325982 -0.11193521705956151
0.3554951821548404 0.21953395109468643
-0.013672160706691888 0.17611010026322646
0.3219552457432779 0.048272968093549466
0.5365525498820015 0.016850637819029804
0.5329238828637277 0.12006021028880554
0.18199668076784972 0.06162093488880271
0.2082112516248552 -0.08573514803001688
-0.12865752363564198 -0.2111685014002852
0.11522691943737463 -0.3691652688925157
-0.18860965832140453 0.2995746137215277
0.6035812126028515 0.04771601879148793
0.09205371596891126 0.07206080891572027
0.28124868894667066 -0.24629226132355794
0.05077983637793215 0.045566128118336026
0.38096238664370485 -0.1728073893987586
0.20551266299670268 -0.1041581422619231
