0.260416666666667 0.27080719084023636 0.30517743170102 0.252220034490457 0.259793530117385 0.276221576894463 0.252286951341695 0.255775325534571 0.297441186217508 0.299486459626399 0.312505845056126 0.27461161535299 0.267410502584992 0.253591675644419 0.224364133289063 0.269752300725815 0.254261877236822 0.262392140384461 0.257364644647293 0.307824837428598 0.278890586696685 0.254771161833966
0.325520833333333 0.2639135374061917 0.28226760107415 0.28349427263212 0.27365306948915 0.271354302392293 0.266786652118534 0.277830426792338 0.245876557565585 0.257654926353824 0.270527903819598 0.281095305236975 0.267394519163217 0.23246317967554 0.26497757619059 0.300106821461296 0.22005332229001 0.281437050848785 0.253743830670705 0.233055583238248 0.266012491290724 0.248485355820153
0.390625 0.26012577562971684 0.288791432408299 0.285635880540703 0.244860968712464 0.218980320114459 0.222182578477716 0.258155682197723 0.240709463660247 0.275907734378812 0.257016697755652 0.310668585705659 0.290566813564326 0.24373826809245 0.218956273130203 0.265573973752565 0.282481584428094 0.24940858005356 0.239212801597401 0.294200720780441 0.252118470517554 0.263348682726009
0.455729166666667 0.2678785153397648 0.277819222191614 0.268950805540677 0.294278504325909 0.245366568399203 0.229426768088458 0.252301991494235 0.244335214414061 0.295545579812855 0.289322604014273 0.25831038077432 0.27061227143387 0.256477396478433 0.251102840959 0.2596444787166 0.260559937455658 0.262079988221331 0.252100731557004 0.298095341531735 0.302535846621343 0.288703834764719
0.520833333333333 0.26151336979934536 0.280400096247644 0.222894327225334 0.281536431130928 0.284961188200051 0.235915493603419 0.274093522337082 0.245272586734037 0.284537164398818 0.265359611068024 0.283024858760622 0.254466537793003 0.270160071660237 0.281816432855578 0.249948487537423 0.223065367157267 0.266854647224014 0.207988066452396 0.268726114641875 0.278043012172173 0.271203378786982
0.5859375 0.25415786608716145 0.255851031986225 0.17888900700384 0.263590859178116 0.264205768161251 0.254962461343088 0.249795328741237 0.270643204645464 0.299428693466195 0.283885927049513 0.232088157076486 0.261992478169851 0.262317663655335 0.243730673890765 0.274931911701326 0.206414745265673 0.246516920830103 0.243761169156308 0.273889037308905 0.279442322071421 0.236819961042127
0.651041666666667 0.2610260425054424 0.250681727071517 0.264588000518358 0.226477737851501 0.26642261816639 0.258779834721193 0.265570577777629 0.24561341186612 0.293499540649168 0.27656344825955 0.232820095415659 0.29632119466119 0.252621617667512 0.272342194703932 0.278325590821963 0.261040574696955 0.239267111366806 0.26838110825732 0.276844250346334 0.276023473529276 0.218336741760476
0.716145833333333 0.2523015082248615 0.277820102119771 0.244529521266808 0.253816432140613 0.217428188208458 0.274370910372884 0.246869875792329 0.220838960386887 0.269360132542582 0.243389441657874 0.264897413658383 0.272557635661901 0.250735078890032 0.255349142683069 0.259534710967392 0.283128803836064 0.239961376742401 0.219795232803474 0.26353213740837 0.255339560208555 0.232775507149384
0.78125 0.2623542864510213 0.278271764411142 0.23878818244624 0.248222774552419 0.281269932382099 0.279723494883198 0.279542215713434 0.238390718802733 0.280331221294923 0.255878718568309 0.268019244724383 0.247017422549246 0.265558818342833 0.284501296980608 0.27789315718054 0.300204447636634 0.257302244012255 0.223864334051537 0.248843069363362 0.25402733670987 0.239435334414662
0.846354166666667 0.23091620042077307 0.244260769572457 0.260059182702775 0.246158144439014 0.214880654007841 0.235814394718666 0.222503333985959 0.229717426365232 0.201292508945973 0.228806003774484 0.225803992034608 0.233452309184053 0.233868371349097 0.233858377421597 0.229701619205691 0.25228826480411 0.182364685774145 0.239261316398489 0.240522548292178 0.193969391895682 0.269740713543411
0.911458333333333 0.24158865165182258 0.227096773871131 0.2499591012442 0.276370966083686 0.250732559261711 0.21760870492037 0.237847527048491 0.274724930732057 0.24463583508917 0.226810834969226 0.229634974545408 0.227508363827617 0.243759662713322 0.237341578676518 0.26880745631954 0.237446110100449 0.217256924089742 0.231712268540757 0.246446155795517 0.243503930935246 0.242568374272294
0.9765625 0.2518965939184815 0.234716035402018 0.214808129641902 0.245592756188775 0.274715345648056 0.242556447892078 0.285370745542855 0.271768047320671 0.261037246322107 0.208376577151805 0.261354189614593 0.248782529915315 0.272248218861441 0.260650723657164 0.257143074648983 0.243951178096056 0.252575135646744 0.269728204613421 0.234634082700585 0.280212837870636 0.217710371634426
1.04166666666667 0.2596551627110705 0.280376970999331 0.234646303504994 0.238600261768926 0.248759488318171 0.230484484811274 0.289939004327586 0.273943705096207 0.249363975480087 0.230688419488677 0.25516540948879 0.273792904815013 0.274272229080598 0.287519576517942 0.256934801446504 0.224763588698915 0.256993263502044 0.26641711743257 0.269104156164493 0.285574624317899 0.265762968961389
1.10677083333333 0.26200916368948846 0.274645738975966 0.286287993295189 0.239027518181437 0.265500967842338 0.250781419090359 0.261252949265874 0.240411292890224 0.229909127684137 0.269630858802833 0.288965740313787 0.265857681015772 0.281087579043439 0.250666101176099 0.259903532639004 0.238201308838145 0.276552398431738 0.282732417251339 0.260351599968548 0.23606179161932 0.282355257464221
1.171875 0.28805261932554505 0.316321201322071 0.292548534132091 0.269080012524152 0.34054223722205 0.291681795314678 0.281579642052286 0.254926946965626 0.292705116006092 0.305592027209837 0.295388150570333 0.307241635152972 0.291488986830042 0.28624182644481 0.278347811032618 0.296378290556615 0.285049647191001 0.298236263511385 0.277395177101643 0.232528348112503 0.267778737258096
1.23697916666667 0.2821804423437887 0.307813214948825 0.297021897513219 0.275085500488631 0.275977957303763 0.308364977744988 0.282855718295656 0.242512619494194 0.256631768434431 0.343980889514355 0.302799484393279 0.274377461054201 0.246812780164546 0.283625790731506 0.313405002628496 0.295139215485209 0.273515175148566 0.270820890901537 0.280210885246866 0.264584501359291 0.248073116024215
1.30208333333333 0.2932037433750965 0.278878001305917 0.274555811962871 0.327596222456042 0.27833761694506 0.303319999813032 0.334964623511648 0.301176388612969 0.277128076184354 0.276524291485058 0.257870391379666 0.312559949518118 0.253908569011841 0.30643411394883 0.28591163334361 0.32162418846121 0.288533788013471 0.251668007723824 0.33640806646249 0.290371405248764 0.306303722113156
1.3671875 0.28606423424510175 0.263150115905787 0.235387714314756 0.306980804453412 0.300420125014308 0.300577821345808 0.300342193276768 0.280854680446711 0.291415057015489 0.251213991439214 0.271813739427506 0.285427098017651 0.282895604974862 0.253319948254249 0.327584934564933 0.285933043350468 0.30874533835301 0.245972343901881 0.294995593425455 0.329858536121659 0.304396001298109
1.43229166666667 0.30833727135413086 0.296070332392432 0.262589453832395 0.310147593009038 0.325167333203687 0.311358021153618 0.334682530323762 0.319422668113136 0.30909068138708 0.31395646157774 0.325866100368573 0.279225432645467 0.290608134005284 0.305697536244126 0.327480653893181 0.307080294959947 0.304557896764401 0.277262438902142 0.332228067970453 0.337874423833415 0.296379372502741
1.49739583333333 0.5586599097338051 0.504999982765473 0.535478727872798 0.622836074204029 0.556199569931041 0.471336427300285 0.595507072991841 0.558277474359884 0.550302866502269 0.47230034820317 0.583831327438331 0.57151493106907 0.543705259880361 0.525100288291959 0.586077108870576 0.613043146925099 0.548834213700284 0.612060543338902 0.556228483811548 0.593858192474198 0.571706154744984
1.5625 0.7361415653349832 0.655624680399223 0.728376147582318 0.825304411519883 0.731015323729932 0.683300629203535 0.752561413509872 0.725475483361295 0.74175231064218 0.649301039256095 0.709517793342965 0.805804789205721 0.720062944885046 0.697793053857408 0.78978062525345 0.730831220280762 0.697130979713693 0.806977252217911 0.736664583555957 0.769344385236297 0.766212239946121
1.62760416666667 0.5738605044625115 0.52285385516833 0.570431451432262 0.623370696971043 0.5702363948412 0.490690599700631 0.608999864249372 0.582722979980834 0.575039743701672 0.487622696808876 0.598067505829392 0.59018077675961 0.551584156185824 0.515016963691852 0.61997379787765 0.617343314050067 0.554870079415487 0.64610406382301 0.56411924500028 0.600711810477402 0.587270093285437
1.69270833333333 0.3090521195912067 0.294205052612047 0.265179451347425 0.306894923926263 0.317801378418208 0.315059146857062 0.299115251684409 0.308796397242334 0.297124387697092 0.302400150108839 0.332305864334375 0.288649366122038 0.276315144342433 0.318822124352737 0.341076782864824 0.300700468953493 0.342860416293708 0.297937090301846 0.319465594721492 0.340663241242673 0.315670158400836
1.7578125 0.2860914840838534 0.278914291867737 0.25739580815694 0.301232996090764 0.299449439211251 0.296735092629956 0.295804444360177 0.277779126620744 0.297227395390365 0.26506536670747 0.267469300859546 0.289642651420757 0.262644275013005 0.260014691737347 0.298940163422676 0.272689886343408 0.316316982305943 0.247590272751584 0.29995425819455 0.330401860092242 0.306561378500605
1.82291666666667 0.28948015619195183 0.275181007126715 0.274345002293943 0.318069804363692 0.281236454831843 0.30900955758781 0.335459374561749 0.275551431389303 0.287751939638085 0.274653274064008 0.25875874760304 0.30218169533722 0.239770896481751 0.296627808454099 0.288858708837906 0.317203259139388 0.283776796207004 0.238862176440267 0.334318047037216 0.308198952737673 0.289788189706325
1.88802083333333 0.2815383657375971 0.310512792050751 0.297614892927506 0.284472552666652 0.260873339451494 0.288526942091724 0.288140717086195 0.232888126074056 0.273839148200862 0.324325693201943 0.291961572896082 0.268529381560099 0.236072657359761 0.300779456808226 0.310418354642603 0.300734349652958 0.26451770611124 0.285181340244369 0.272087950794421 0.287316530521851 0.251973810409149
1.953125 0.2843846055482835 0.301194357389256 0.276373430243043 0.280126826432314 0.303988397915094 0.271667517445087 0.295090844397189 0.246357988405631 0.280891728580787 0.303749395925535 0.29145991997057 0.298626709692298 0.292807014632181 0.319352622786555 0.25926914720303 0.281189201326066 0.296476033053567 0.297113255392658 0.279925337165114 0.248169479666353 0.263862903343342
2.01822916666667 0.2556734844863038 0.271367423492834 0.266136677650795 0.229957759746278 0.25533025950638 0.236417150386937 0.271081696561757 0.234064921366352 0.221750398960838 0.27990969497187 0.279763642225474 0.256536025095068 0.295136716497805 0.254966756738751 0.259582513086371 0.251352435615982 0.256124359828449 0.264268850214245 0.245569098190035 0.220008322939822 0.264144986650033
2.08333333333333 0.2580187071787475 0.263294281314087 0.247937561896188 0.256351546795341 0.235880126061923 0.229743222062816 0.295818013771006 0.268458704200721 0.232102110367182 0.253832499738895 0.262807353342861 0.265497768578555 0.274117039242646 0.277664609001657 0.265676020889977 0.230554109748465 0.239977612705535 0.266848638385943 0.270287952635517 0.264381090268947 0.259143882566687
2.1484375 0.24824765706204813 0.244767656680787 0.226618202746075 0.235552652134297 0.252292114172452 0.253978936977812 0.303849642233825 0.253385135982591 0.238449909774002 0.1896597768621 0.262609350190368 0.231037465430692 0.256209339547904 0.274562548657991 0.273258744240401 0.222444519868961 0.256365347672624 0.264297202393674 0.215873270063154 0.289708082084146 0.220033243527107
2.21354166666667 0.2319416950445327 0.208643636517545 0.223731750716228 0.230055596210203 0.243137212378233 0.196225753900725 0.239262381334635 0.248357410619992 0.220629321490126 0.208302590866293 0.265988999127651 0.250559497806745 0.219711249368502 0.242803302141161 0.254566196546513 0.223714399959289 0.213397725934687 0.232272820636475 0.243158330510199 0.233814094039212 0.240501630786239
2.27864583333333 0.2195799366025121 0.221140812046501 0.24819247477339 0.238812185276069 0.208038806010355 0.243957354900305 0.2270997508455 0.239050836717276 0.196401799687055 0.2257630508881 0.219353085585907 0.209889934117277 0.244770539412001 0.179480764871297 0.221297144239579 0.231468187199349 0.170020074574586 0.230835021873836 0.225953762091179 0.176982734047555 0.233090412893125
2.34375 0.24777000127219795 0.253713325622085 0.2314156358904 0.283578995785384 0.267728228430356 0.237881891099231 0.269328760722645 0.229378359697507 0.277423892045102 0.244710825023442 0.226088424169002 0.229149813064167 0.235168995744986 0.289930422211977 0.269017520916043 0.275107263744541 0.249691348461038 0.205033466737525 0.210004724901454 0.250524127585592 0.220524003591482
2.40885416666667 0.24715036000702026 0.261646861549062 0.225620233703958 0.262007588123451 0.238674185810206 0.250853453643127 0.264762821030887 0.201850019463582 0.287809361962247 0.226619028083919 0.288146168261045 0.262480558931853 0.249778205182284 0.268023007355667 0.244625633720518 0.245760868578535 0.229018665084067 0.214498514394289 0.253769910220443 0.243279337638758 0.223782777402508
2.47395833333333 0.24134246052699665 0.237909174382583 0.225158764589672 0.215600615748515 0.241670106284428 0.224714973152296 0.263327830088614 0.210299115749876 0.268935641896283 0.241790307318161 0.272605872077166 0.272120323191946 0.227179871360052 0.264950400730321 0.244583100306408 0.239093547042069 0.189095430604993 0.2531914133273 0.292683658280797 0.240062545673643 0.20187651873481
2.5390625 0.23487293336307363 0.237923581331036 0.177468203969982 0.264243119719668 0.2193822198665 0.242088988335145 0.257772562368224 0.250354607882484 0.256990964231656 0.285368449049827 0.238216641841266 0.23143288791522 0.254475487907552 0.20590659807372 0.23556317966374 0.197385448129262 0.219475039402968 0.219180900363178 0.253148638939242 0.237799399952331 0.213281748318472
2.60416666666667 0.24798974240922397 0.263870130274925 0.232607648217028 0.244289554456038 0.278273755443179 0.222168240282358 0.253523100640422 0.225140939422274 0.248363120980991 0.252959327142165 0.263851493271246 0.259614682344714 0.25887821451723 0.226394794629129 0.212744577484771 0.253283198386756 0.254882459889665 0.204430338713412 0.270578194215685 0.27131635331192 0.262624724560571
2.66927083333333 0.25185924304626933 0.263090580895236 0.274069317806657 0.260456262888476 0.215030702852413 0.196801826194167 0.2217199136677 0.20960753604135 0.276763204217048 0.316603503630022 0.255898178820049 0.28879213758364 0.221769701280691 0.235326780574674 0.234933458733222 0.249507691269253 0.259389570713531 0.22274736244339 0.263042892170863 0.274370421872241 0.297263817270763
2.734375 0.24478344964781992 0.247012424916566 0.236278286718102 0.226492541762475 0.201280751838718 0.199382626007846 0.222191062353113 0.224435145362849 0.295552874383833 0.266432219666334 0.270188228561789 0.267473177016448 0.261204449931853 0.210139410804816 0.251457080907249 0.286565363572633 0.210963677663154 0.244822794077908 0.277724845122248 0.214840325246123 0.281231707042341
2.79947916666667 0.23442506477938996 0.236271896662375 0.206858650657073 0.214737667042307 0.236872522339314 0.229697358135348 0.22289388859793 0.213747408895705 0.238712686282157 0.228718172588185 0.246894092172799 0.251037794077245 0.256933611609882 0.228963136144561 0.259761190791025 0.246981392007961 0.244405195470246 0.212118346505123 0.23579072396076 0.246999894179598 0.230105667468205
2.86458333333333 0.23527245767811675 0.311388659899388 0.204063208971108 0.212820105333914 0.253656927160015 0.229747744794923 0.286100068145292 0.242547672652284 0.252236341068354 0.236097596631303 0.213521382392717 0.241696618957833 0.210124443326483 0.211301484450915 0.23889548261303 0.208920415556553 0.247231139520877 0.207710384671103 0.21962359844575 0.255414048130292 0.222351830840202
2.9296875 0.24000951374785515 0.309104463405504 0.170275526138438 0.235816848667025 0.224118162973881 0.182326178356929 0.230142519202243 0.246394348151596 0.277478609044124 0.280229623334549 0.229423347767331 0.238747561615045 0.201012821797713 0.244572215551276 0.256250812525444 0.242456500350158 0.22597250434912 0.314847179299384 0.230466764593519 0.257544726451642 0.203009561382182
2.99479166666667 0.26352915643350067 0.333360129190789 0.226369623330581 0.262134666057727 0.242012756422405 0.22889413543542 0.264172038946547 0.200204687814429 0.236576463005147 0.224572119100482 0.260939770366706 0.24142906994958 0.300766311833331 0.29547063517872 0.335397572520649 0.258986343851139 0.227368742200528 0.306818881879155 0.337209197527393 0.266877275354433 0.221022708704853
3.05989583333333 0.5813768484563229 0.609531097657156 0.531352630583887 0.530301787962859 0.632658984385981 0.550177970605684 0.595473296869591 0.541726941478146 0.524398170484562 0.564049570740984 0.653302784636026 0.599565389419321 0.533089279070707 0.558956224028237 0.667271996371229 0.587124781662179 0.573620951957065 0.561136805117867 0.583691364485717 0.634368322755025 0.595738618854234
3.125 0.7623969541992323 0.80845983407888 0.691842374555311 0.742615370973006 0.742057136747278 0.806725642126815 0.737382709104981 0.710058816832513 0.738999838742496 0.773655542729844 0.84169807651915 0.780693467553136 0.691901315564597 0.743894597463867 0.810802296644774 0.763618405426444 0.760681842910244 0.820443390146408 0.697973735835257 0.789169644943107 0.795265045086539
3.19010416666667 0.597785684868817 0.617715017500775 0.516910871349934 0.575915883094127 0.601601509080547 0.610074856663016 0.537442584388143 0.579503780574545 0.57980517850251 0.563714175319492 0.67528453196365 0.620582359836581 0.611902109005357 0.586902555560872 0.705689300425367 0.608985715634568 0.609305416878039 0.59982886543516 0.536264279188319 0.617403953663819 0.60088075331152
3.25520833333333 0.23004697837025018 0.242766582446062 0.311084471194579 0.255395377218072 0.157652653025531 0.14647234745259 0.182193807814819 0.288139671325188 0.189077677840537 0.182079059866097 0.229476365430294 0.23402766407766 0.168499446973027 0.428628443677464 0.213412899693748 0.271424382874343 0.239088760936396 0.187042388266487 0.242480564584557 0.221860769877006 0.210136232830546
3.3203125 0.21945617542634072 0.341182994405156 0.317093756978207 0.168500399418739 0.130056687328677 0.230257829559846 0.143493817763864 0.312972143435308 0.163181036584819 0.24033579046999 0.206315170760212 0.189700073740885 0.230482119365673 0.304142032402769 0.248148937467868 0.169536066507327 0.127011030978599 0.290840402069598 0.151264275286452 0.170681587761029 0.253927356241796
3.38541666666667 0.1899933466428341 0.197324130798923 0.404738068740512 0.207468786456641 0.125857655013357 0.152175963006643 0.109663790365283 0.164970606397065 0.241389376996913 0.201994169062673 0.198625989356546 0.281882078758299 0.242651478332944 0.174036399938955 0.233063904242579 0.0930550453825491 0.11014074722876 0.139976913859875 0.113045456710665 0.166564151715326 0.241242220492174
3.45052083333333 0.16313554706415384 0.0831616350452041 0.449240916757445 0.159551935376225 0.141235183189679 0.0800605110329916 0.149817788562206 0.2410166342089 0.0912528109043279 0.131773975517022 0.173057991369723 0.174959500296529 0.153442873208178 0.0668555644312393 0.0944992371426221 0.147722516790996 0.152865553997559 0.210256111678914 0.130904299451727 0.189725903058666 0.241309999262923
3.515625 0.17815041387869707 0.200972551315717 0.398132628158608 0.133701841213051 0.160895488530039 0.188581817751896 0.193897332565278 0.155313903249765 0.128339200941069 0.171870462594345 0.261638091304962 0.130495974476923 0.139212992239107 0.11218632105683 0.0684896108990374 0.268970141340047 0.250307311814144 0.227017403618943 0.121013749058621 0.119187584107241 0.132783871338318
3.58072916666667 0.16625933077424276 0.104923650773151 0.177163603756058 0.277193238017863 0.205087262331965 0.238188045017446 0.0894687226420095 0.215539452328899 0.123817193240435 0.147063288025789 0.21501357374817 0.0708944960927564 0.176366408253328 0.273832762774287 0.181365887588455 0.181853716142131 0.167165099013826 0.0792193570541247 0.17419346866259 0.103709969503901 0.123127420517671
3.64583333333333 0.1518657567376574 0.142145976249778 0.223584296883188 0.189745361249944 0.187163348626258 0.0581609852726538 0.104728128554843 0.111159875714571 0.255576631547611 0.118732625257294 0.173388581806504 0.127528493226414 0.103355126436409 0.156823016910198 0.108726602558845 0.134682729751162 0.122262360284957 0.184194946703092 0.259677837797124 0.143938168561368 0.131740041360934
3.7109375 0.17042590671025043 0.151039816091769 0.0926066701421481 0.243771677700503 0.148609400616504 0.096730551299971 0.139216463627693 0.11752946948916 0.287021498622332 0.100373372765533 0.0804817770945885 0.327440584679853 0.119493569064111 0.152135856984385 0.0877422448745506 0.19379660562985 0.276619317777563 0.153767777604019 0.2992159016542 0.152999734111275 0.187925844375001
3.77604166666667 0.20075736352266613 0.317050626092723 0.193834278684669 0.117382244891634 0.179184306966746 0.14415477947975 0.220606697649322 0.107141934488128 0.208036078205462 0.0971108500014064 0.187785471284579 0.123541387489296 0.148429565425955 0.163672951759303 0.199256546938524 0.326007750357442 0.31056995688899 0.257118822979815 0.347981570611107 0.173465538142388 0.192815912116083
3.84114583333333 0.2125243365064906 0.355066120955718 0.157960902822316 0.131844124427103 0.234292777665754 0.211805078960914 0.271587125753263 0.270487634132586 0.148285865226563 0.141249235649596 0.247616319749516 0.179864326594884 0.217678400377048 0.171953066760033 0.215651153338423 0.111810998771241 0.173709654667505 0.317709625723931 0.351204064039196 0.232464877565504 0.108245376948718
3.90625 0.20407447306032286 0.294617628814447 0.130469506609017 0.162719567360224 0.216926753065283 0.184578563884827 0.319989505739124 0.172232801084578 0.205158066745299 0.261216545196953 0.252370389768139 0.19149662040529 0.220080280329959 0.191504053200065 0.133988542382888 0.131837096980517 0.208388522492337 0.176126906841971 0.191821072456494 0.25271003544588 0.183257002403165
3.97135416666667 0.19741297408622166 0.17452114628886 0.289514304462206 0.167909537273281 0.242344225130925 0.211190551360184 0.329694822757933 0.145765564546933 0.190333522198971 0.218907028836187 0.242777004845006 0.116489733980484 0.167644962476485 0.271484549959824 0.105243397156317 0.255927153620615 0.18724278543855 0.165868906593365 0.206107239239008 0.103758560924639 0.15553448463466
