0.260416666666667 0.294110032220273 0.263136444215864 0.312984265433601 0.293026911251546 0.302697428250419 0.279236751150577 0.279468306098883 0.285814621039424 0.280238242952195 0.294623640030984 0.333952058308381 0.290122372358751 0.267370129962857 0.286669742899476 0.303855228152756 0.301953473178288 0.26932471001313 0.310507519365848 0.307481533554328 0.289167637664422 0.33056962852373
0.325520833333333 0.32492986666855483 0.309200036712764 0.352040796092565 0.328930075364671 0.347111933401815 0.3182515373365 0.333604636995484 0.288843069256742 0.355969995848121 0.299541295438171 0.309146048730527 0.349174064205451 0.330553911578196 0.276962847228353 0.302467687314558 0.301388348945582 0.316484792539505 0.342746134530805 0.379182723198907 0.299327021682361 0.357670376970018
0.390625 0.2865395323800349 0.255005757017793 0.28912126254767 0.26252586380533 0.289264643492852 0.285763518014585 0.27710406469893 0.275985052986087 0.283107145952736 0.279299518341908 0.289355449538802 0.286868277099959 0.291157659982627 0.268756520741257 0.293843007445098 0.308963100756756 0.279850104677141 0.28233250463415 0.316302133381667 0.30182119552636 0.314363866958989
0.455729166666667 0.28892486673981027 0.301211076298125 0.270237468413527 0.298202490976554 0.256533586142079 0.268792751480786 0.284944031569323 0.292023614795423 0.289628253935025 0.297675540680442 0.278876921529496 0.280323994466674 0.293309440491618 0.30217233057817 0.302339126778182 0.306708115206016 0.27662222313964 0.25494930284534 0.245093584253943 0.339824871265639 0.339028609950203
0.520833333333333 0.308565295625431 0.339021635867713 0.300199445544364 0.369481859266261 0.286013632680397 0.260714283480245 0.329814535417942 0.303350871038387 0.303182132086929 0.294691339939264 0.283396208492668 0.293515057752918 0.325236992094177 0.317179668683354 0.264097281919915 0.288202257235088 0.31048867093515 0.311465576943259 0.283440049847473 0.354518043727102 0.353296369556015
0.5859375 0.33239067905671993 0.405452232723464 0.308482309750498 0.340315762997179 0.306593504276925 0.329515804998663 0.330101186512957 0.33154015922979 0.343962682076006 0.335224220508244 0.314807203341751 0.343205519366426 0.356179870468007 0.371614639334577 0.295573986547829 0.323685121540601 0.307941037354428 0.333557918171437 0.328855818269753 0.315004543976705 0.326200059689159
0.651041666666667 0.2993734747365987 0.373128827193616 0.282680354829779 0.296823655275686 0.26750272281011 0.298994113053144 0.255794519685348 0.337235419949762 0.287490538347375 0.279893325260833 0.293744027339649 0.313952123044377 0.32616513337454 0.279806277370288 0.277134744505366 0.369161174741753 0.300839817184799 0.285887076158068 0.313304784032686 0.239193811619222 0.308737048955574
0.716145833333333 0.2602648956103856 0.250400339136782 0.267943449265237 0.275304946416568 0.276691453487703 0.237298242229828 0.290244958146338 0.253083012982916 0.228523809174925 0.265548127419174 0.26683047148666 0.255860648717718 0.30235267719632 0.251531079612636 0.211853818439589 0.258828745747741 0.26915959031912 0.2650913712685 0.261549283285696 0.246633349762879 0.270568538111383
0.78125 0.3100759612442143 0.291399437451613 0.289912275054931 0.346427353580168 0.352639615487876 0.310622643333999 0.349002606318661 0.293328300096103 0.295951075646214 0.309942116380008 0.322335623951775 0.32453939812623 0.318529141210264 0.256906024045902 0.283933826445746 0.329304883709611 0.28756797651505 0.322744436626349 0.306749161286323 0.277641606477193 0.332041723140271
0.846354166666667 0.28038772202200807 0.263311970226738 0.271539880034995 0.322560051946377 0.322937127765547 0.252762585542804 0.297072336519766 0.255871260435255 0.243195686259194 0.288774495426043 0.307013835743351 0.294576029540551 0.300479256521538 0.261721585361422 0.287047373430071 0.282464888476646 0.261889089159951 0.276055282138928 0.264592292517373 0.29533788152948 0.258551531864132
0.911458333333333 0.30618748819681063 0.314616511677935 0.268921973682679 0.313307897888979 0.34053539097549 0.300055002992477 0.268578684581133 0.327298824070827 0.286775957332345 0.295766238944544 0.320502084535447 0.342385024236708 0.313153530616308 0.274701309688418 0.335391592386991 0.302981281084398 0.335638432394718 0.309188078600958 0.324281082812596 0.265908531131204 0.283762334302057
0.9765625 0.32954206438489764 0.358202837894599 0.285051691432995 0.340910433792772 0.387911314957576 0.319045485908284 0.307908719957953 0.31429551559958 0.3042648007594 0.309468988193695 0.337579770160787 0.352726757090662 0.32288272029332 0.350293071480864 0.336790429308244 0.317481346856455 0.339911355558725 0.318548713201489 0.35157140110554 0.333393835967874 0.302602098177139
1.04166666666667 0.3272751570220207 0.314222004032265 0.3341284661108 0.312872470871914 0.358931270385011 0.335792781543391 0.329976795596723 0.291244740073568 0.353932117692295 0.301116174341998 0.310507416856101 0.299186034549449 0.343582653139344 0.387406537772784 0.354128141089926 0.317389527754764 0.326755975160254 0.303856968363355 0.34680328722604 0.294316751212356 0.329353026668077
1.10677083333333 0.2782840118942003 0.246519354241964 0.284294612528683 0.281508798104753 0.278750648073379 0.30785784646137 0.317380869022719 0.295616792902238 0.263263135039268 0.276942579486832 0.256493756004168 0.267579692782078 0.288683032522628 0.288904671812498 0.281673457389457 0.268563142166936 0.252839110723844 0.305628513418099 0.281088653360194 0.261207790999884 0.260883780843014
1.171875 0.28137944858804687 0.338189994755615 0.267122053346587 0.298281126519304 0.291009989222876 0.303549541159527 0.288997869121644 0.276669250110198 0.280854077697285 0.285525297627026 0.276705185944754 0.252779528694103 0.261414543757625 0.283559100303331 0.245237257912536 0.259004448989686 0.30206420825092 0.28596600546386 0.27474140661013 0.256015036659178 0.299903049614754
1.23697916666667 0.3145015596923138 0.379247283930139 0.313042082098937 0.342955472827898 0.336719841237154 0.302053017773915 0.364113775390249 0.284723264685509 0.362584904193511 0.276523557985291 0.303597813817837 0.282015682183234 0.279379430622383 0.318553989677841 0.323786263616241 0.336355194522542 0.337776101802635 0.292782282111461 0.322765041998342 0.265597073442033 0.265459119929123
1.30208333333333 0.28158338202381356 0.291888125895017 0.286335489266172 0.302931321248513 0.30000197305494 0.283993363089157 0.308770876887666 0.265655916730031 0.250819438551249 0.242899813889968 0.301500508397554 0.289768585027874 0.273908864674675 0.253476571438176 0.306307473159736 0.29926968717761 0.315492484372262 0.253069047174781 0.296472151011693 0.267314116953691 0.241791832475507
1.3671875 0.2907044146493999 0.272113955384231 0.28818180182661 0.358973380017109 0.295722464985724 0.2769401004454 0.285244032406864 0.278878086843064 0.278545875259647 0.274655553687024 0.310596136321173 0.278733092630297 0.284859341143139 0.289708976934226 0.245747440933059 0.268641820731659 0.335093910704215 0.294655609245162 0.270461997682798 0.339903296061 0.286431419745597
1.43229166666667 0.29957287850263115 0.2893303934704 0.288473835655932 0.319585729634536 0.289312306725984 0.250938721140691 0.295462110166541 0.296946359148937 0.278722382094978 0.307002029689785 0.273574655970344 0.25587528175254 0.325049835889405 0.299968380762259 0.276124992813789 0.325934771716244 0.353132818764317 0.327913866511899 0.293032720692156 0.311623025844033 0.333453351607854
1.49739583333333 0.6035682540770398 0.560686198222464 0.603180126845438 0.520296418812995 0.529878682981044 0.553787796779744 0.642400349224711 0.598091443890479 0.597752435914546 0.60636612117729 0.627625267406635 0.5644973308943 0.604371121555296 0.661454878632638 0.596741835568939 0.613598641526793 0.658578968776572 0.671348615496173 0.6042634410883 0.631393345390499 0.62505206135594
1.5625 0.8085075643518161 0.813663784314737 0.795688294904365 0.74659140848663 0.747828541568247 0.738856337962 0.796101287691213 0.8045671220732 0.848387616856384 0.822860811807303 0.868825426617185 0.760299327165876 0.823038242950217 0.848051280259251 0.795183252659744 0.781634656060708 0.835293260892563 0.835037292491924 0.774084285890307 0.855334869060115 0.878824187324355
1.62760416666667 0.6203645044329145 0.571296911612746 0.61989890601124 0.541766425809421 0.553179704518074 0.584015516725105 0.652069426824614 0.615149018404698 0.612824035541597 0.620168705282131 0.623265453971186 0.577848051886955 0.637029884377674 0.687815913639842 0.602644643468243 0.624474945563048 0.677324428850461 0.678990302088474 0.62005507097464 0.647064093734076 0.660408649374064
1.69270833333333 0.29793346102997276 0.293479606833698 0.302899503458156 0.338180230893971 0.296753271458702 0.274748904882074 0.255752660377511 0.289424938790692 0.287314563581574 0.293463824212388 0.280630419054608 0.255131141405128 0.307355792261429 0.294810186772838 0.268035954982662 0.314389753224593 0.329306631214067 0.331094064449125 0.287373462961492 0.312653578385063 0.345870731399684
1.7578125 0.29315569766155836 0.273707091293716 0.286728111852901 0.37599774936543 0.297860127148925 0.275731964758151 0.286382398862699 0.265921811064799 0.288529873872894 0.278247458910717 0.290138742439576 0.2740144332253 0.290419002971181 0.300992770464277 0.25925115677566 0.254990595527022 0.326226945443304 0.302104100307019 0.286643215574276 0.346045196164011 0.303181207209309
1.82291666666667 0.2751719866266433 0.304646977301741 0.279820405596209 0.310596082407684 0.280156012628949 0.265656449123896 0.303930304223277 0.261656059430204 0.242860419561913 0.248528200166525 0.288771530293161 0.287067888550307 0.254020689033405 0.248344576974243 0.284129802447346 0.272263171981436 0.329081346308612 0.224722684892273 0.299924745732324 0.27179507148128 0.24546731439808
1.88802083333333 0.30298291777731856 0.380137323879518 0.308674227829061 0.35248115606357 0.321949789886204 0.294956946777661 0.343710858971099 0.27352410192559 0.325690870001873 0.251196050931785 0.272148038816478 0.272458747649438 0.274715500162275 0.287852322240917 0.308966041492047 0.340103867550954 0.332573931928471 0.286341013874229 0.307148645421334 0.261491238110064 0.263537682033804
1.953125 0.2766496506993312 0.330580816025673 0.284220662013704 0.302218359703128 0.280411396194442 0.312233809077606 0.281147485779472 0.277419208567175 0.278109541581075 0.276890880063221 0.250362678292596 0.251665685147784 0.260552293132091 0.265425041129438 0.230301563540281 0.245658023684376 0.304395030393763 0.271335525388928 0.259900510497776 0.282433358095374 0.287731145678721
2.01822916666667 0.2641021382065648 0.256719737611714 0.275793706906619 0.239488358478531 0.264658394461234 0.308701206622038 0.296421954419411 0.298827304270715 0.242039463279411 0.260063760171385 0.235443917183458 0.244753539671451 0.256050215161669 0.269104140740805 0.279735641790371 0.272757478008644 0.256256321733746 0.288529806204074 0.23893326035574 0.256260642961139 0.241503914099141
2.08333333333333 0.30992726380177943 0.312096228479809 0.309555474639153 0.303027410849329 0.316966595777636 0.314126762364495 0.305108463299318 0.296051862632615 0.299765900755759 0.279515795914971 0.293216640981634 0.284798200154885 0.333573052757733 0.335873154206321 0.340895735713804 0.297320394540439 0.319072297179123 0.317915991715446 0.327651361004631 0.304150874696427 0.30786307837206
2.1484375 0.31085269757330514 0.329801057722323 0.270624518988074 0.326271020780244 0.327875694062892 0.291219010083758 0.298130032928347 0.286064518017205 0.274796746171881 0.296474245996858 0.345180456055262 0.332067433303871 0.321246937717859 0.319025310708662 0.309379543522445 0.325753197386256 0.322181180815864 0.304183077172768 0.323459303802949 0.333551635944892 0.279769030283693
2.21354166666667 0.2894452516984151 0.308854939369783 0.282943525739944 0.298144357559016 0.288201203911304 0.290641935306016 0.252487510560682 0.301063451791146 0.255961648175463 0.289222525951376 0.309258069324384 0.333983968074863 0.281631553911091 0.257903845974534 0.321687129277875 0.302974409196129 0.320738002539376 0.284132977236141 0.297131930192534 0.237683195528595 0.274258854348051
2.27864583333333 0.26313982969744987 0.25560597824427 0.26902763216767 0.29170196342504 0.273882176545334 0.235363149696805 0.292587940327629 0.231552622529593 0.23756451548051 0.272702193902411 0.270326571091958 0.264932223967072 0.275996056539145 0.245565916636072 0.295999983050505 0.277178250155822 0.248505799936981 0.25163891831207 0.248994250472124 0.272255823225834 0.251414628242153
2.34375 0.2968998700220665 0.270194761886211 0.267056804531822 0.336067503332382 0.329488797943174 0.281070201306582 0.326820501294491 0.270160937137606 0.270921866246071 0.287719456809032 0.320384500386612 0.323389252468617 0.298455052011593 0.237721064878448 0.290371262611401 0.300716241730714 0.274534877812012 0.332241875696297 0.287859478615849 0.299290260231238 0.333532703511178
2.40885416666667 0.26029085372971844 0.229961487703653 0.271233196414327 0.293411355629572 0.265482042258612 0.224610071994579 0.278093277258788 0.236961078604979 0.261715179728865 0.26042943035059 0.264881434440852 0.248068987885318 0.290550259354297 0.264279322021772 0.220683415215957 0.274699574475153 0.245221281547256 0.309907300256225 0.254282389160003 0.238708714941812 0.272637275351758
2.47395833333333 0.2763245432002543 0.33233341377645 0.252735507097861 0.250979656393153 0.261198358534713 0.265455969493162 0.238831697706717 0.295931176259074 0.277198984572589 0.256566740179932 0.244089461239526 0.31849788744122 0.284562530193379 0.266204354018417 0.306338927872198 0.338162260492174 0.269401667219482 0.256500394344771 0.262106680273976 0.23464172067248 0.314753476223812
2.5390625 0.3150728017706591 0.40208377248606 0.32296887147578 0.297419847755673 0.306299614083259 0.313427151335787 0.299523141383426 0.306146487104875 0.324653131776148 0.301913473203424 0.291263173287996 0.352291429309781 0.33640011517364 0.313975815839332 0.301792031393353 0.343883686610358 0.262233004194552 0.283589364125933 0.267949288577164 0.300320258980424 0.373322377316216
2.60416666666667 0.28594042310032297 0.299281751264302 0.289609718458679 0.306769743267694 0.245589390993857 0.239854730780621 0.325366279792514 0.292058156628077 0.301370227058309 0.264472878793608 0.274285849284466 0.288927647847282 0.287413342398338 0.293242330664125 0.259496138682408 0.278636038832033 0.275404647457032 0.306890742896577 0.259334034641665 0.294896107240155 0.335908705024718
2.66927083333333 0.2583791495542298 0.251068697478136 0.239443889623159 0.253123682320036 0.211515711030631 0.206379397171899 0.272234267757434 0.254239631518322 0.268983645777962 0.259039079189885 0.2734571171469 0.270167522047774 0.246733078371319 0.303561625945339 0.274797941848715 0.253936239754676 0.252617148331368 0.240750636894152 0.212873094469102 0.324610778675841 0.298049805731946
2.734375 0.2495500275347818 0.213258456677586 0.255279460703902 0.254992524417282 0.244294491474983 0.2306752288459 0.251187750833121 0.242403654890615 0.289112683862024 0.248902552456259 0.265788822228411 0.255418552256668 0.276351356781102 0.257951597340172 0.256911821195385 0.215174838610424 0.225226572867584 0.232189083628637 0.244593884049257 0.263327896124494 0.26795932145183
2.79947916666667 0.27640735970281516 0.26100983604819 0.252213109615208 0.257665144135291 0.305054250407879 0.245376609801886 0.282963399595059 0.264948390727161 0.321495286695391 0.272394304968474 0.308790227350088 0.297830290374454 0.303662084279135 0.248577487610478 0.245614426984338 0.263250732263468 0.253588975890638 0.321215207620797 0.27587581113871 0.25627405175011 0.290347566799548
2.86458333333333 0.24752066499553135 0.283514368213851 0.270689206247532 0.290447949272304 0.255209290794434 0.214553021867693 0.216625495517171 0.23693362279251 0.261753507461445 0.22618795264926 0.257388942764741 0.247946621707452 0.219484260995988 0.203512716279437 0.248474688322094 0.257528492576918 0.231573557498833 0.269558512535899 0.229664230067849 0.274827064892186 0.25453979745303
2.9296875 0.27185004854496475 0.334372341812113 0.31611660452084 0.257468630510854 0.336646993121317 0.256744945049562 0.269000815996505 0.275889372394078 0.229757446074299 0.268265028159071 0.265287907291955 0.227022805885332 0.280922818234648 0.25918212716258 0.305702734617453 0.251517301161036 0.210566216276969 0.30494259114998 0.247168987453827 0.277886100146635 0.262539203880241
2.99479166666667 0.26219082516520076 0.28585198675404 0.267240780610314 0.2416857335386 0.391497424224655 0.241297611710199 0.232971270045864 0.215423540383886 0.24501951450645 0.258547334175404 0.226703628900475 0.244023422726174 0.228059163039622 0.298026155653994 0.264664327988488 0.28577679765305 0.209748459520703 0.37368133081438 0.216902534811927 0.252363760893233 0.264331725352557
3.05989583333333 0.5682052289767805 0.591370845257039 0.60857526129314 0.594658484762897 0.626187837387694 0.55341399887349 0.63018404868355 0.624225195301054 0.595519219211614 0.522087554150581 0.617828716989487 0.572324000801873 0.528559594972194 0.559639646810778 0.562775525888218 0.583675625495123 0.47621717950646 0.46289541757515 0.517788733571792 0.495938531418762 0.640239161584713
3.125 0.7573952682742491 0.807603613616923 0.793283694549177 0.772606371617526 0.776265785428082 0.769539014643127 0.835228991321391 0.853604065244026 0.763934617359579 0.736415386843163 0.777970156766511 0.749105889690573 0.699254591489722 0.788489436601359 0.719059238310704 0.766853977612328 0.722506838791259 0.621231477650858 0.716238372693384 0.685386511621816 0.793327333633474
3.19010416666667 0.599552424433734 0.646832631611755 0.655072126382034 0.615003359795929 0.676682001741646 0.608044297241718 0.703724026433615 0.689512733760249 0.520774245856405 0.593383995899599 0.652426031409306 0.660060302486168 0.505303462409516 0.647531433696089 0.534413263791245 0.595919666198512 0.551111019600098 0.435012172157826 0.572331174218939 0.503252620672176 0.624657923311855
3.25520833333333 0.22328816446298153 0.180897351108803 0.197107710904964 0.297178103741048 0.326193796575686 0.159650401068817 0.150840750450517 0.235327607966462 0.207506192316753 0.320993647665511 0.135498496049677 0.333806392852845 0.179924369882411 0.353365367208625 0.117845079578191 0.223819417847216 0.200257503204995 0.180965256245649 0.239512895376454 0.181078180190435 0.243994769024571
3.3203125 0.2107716651951189 0.125127011172311 0.149932580396937 0.316996391610325 0.292431728324452 0.193552565423831 0.10764043898194 0.143959744638982 0.319213038834043 0.231255028533313 0.201988751355671 0.372751411237129 0.186092685894855 0.314192611469457 0.114681729534645 0.223333264739345 0.258041508702021 0.225541648606715 0.154418921256603 0.159333835479643 0.12494840771016
3.38541666666667 0.20431312298485133 0.16561292382851 0.0909115366378118 0.181339990301561 0.192851017524526 0.190964389943661 0.17509536463632 0.314347887815956 0.166854344786341 0.175150477220338 0.261923510193279 0.318761988737283 0.346934227502485 0.311348526509986 0.188856617800992 0.13063666370136 0.2841587719722 0.120971036130571 0.149466246076569 0.195490918520928 0.124586019856348
3.45052083333333 0.22617321952470446 0.256958513278036 0.264716939260505 0.136687045827605 0.210437092138931 0.223723224125456 0.189233653291771 0.258827587252519 0.0965072070712443 0.132230991856434 0.144543609431853 0.358410175784823 0.383442694968239 0.426876858008892 0.0987923261173133 0.359628209626132 0.287652445157678 0.20471505393421 0.138210685695153 0.086437697399147 0.265432380268147
3.515625 0.18987989511165232 0.218913806637808 0.0831562056814415 0.098075311027964 0.131231612320676 0.294581051063308 0.241220542469358 0.0715504337898756 0.126383502237162 0.154812922251931 0.0800465422537661 0.377864431744158 0.23941302387975 0.353987917470972 0.0899131729870044 0.371247872524421 0.201122263281577 0.209466430804463 0.123760438356525 0.156373105027753 0.174477316423133
3.58072916666667 0.18385791119336098 0.299731149799017 0.109170041010159 0.113468147433268 0.169497606071508 0.441271965351205 0.159666681724234 0.0800331415459066 0.116347764819373 0.227090596126978 0.231249248005199 0.221416567487648 0.093959611549512 0.297301563011141 0.0628483574459676 0.148669108497448 0.23148277111653 0.176631680365749 0.0517955041607043 0.268982828485149 0.176543889860523
3.64583333333333 0.18126448893112976 0.189711190271164 0.208357072925666 0.247679443444859 0.121195631831343 0.347973831247714 0.0672295093789622 0.159654534414656 0.140312080532334 0.260184935721073 0.153009555247039 0.300615122195584 0.0861217669763705 0.182049655856977 0.135463317445279 0.108455300224098 0.0940958337101251 0.25767943853035 0.195068206200711 0.287906639410902 0.0825267130573882
3.7109375 0.1882819940676648 0.133148222955919 0.167144475886563 0.199734955007509 0.127951258928948 0.202769942478406 0.194124165649046 0.168847516928656 0.0950265359004203 0.133964573006755 0.0880886769143565 0.334695132969657 0.18730522747705 0.163025502517761 0.335164571070862 0.135731859029841 0.171442577669762 0.342852627903548 0.335982125695897 0.133071119432994 0.115568813929345
3.77604166666667 0.19708869302239423 0.131964154858607 0.292857425154155 0.161174737467183 0.154502403716349 0.193176709388416 0.215741319610411 0.159801330452691 0.0966521026043514 0.19102774608003 0.12617588646517 0.280236201166967 0.235233247990876 0.218003033483862 0.255741063942341 0.103852287218948 0.145365629423126 0.482330893977426 0.185253444528412 0.10498579878578 0.207698444132783
3.84114583333333 0.18469802598707477 0.252622322051602 0.163150601015163 0.255566926323307 0.193242543601119 0.170647689319017 0.177750742990455 0.151552003378136 0.078089139483727 0.232442756918018 0.157885336143407 0.0931299352166017 0.143947082618353 0.256685510118668 0.158514339568609 0.184768339675048 0.149582166738031 0.445997610047042 0.131966106548875 0.162512975130049 0.133906392856267
3.90625 0.20440082053570857 0.18701465823798 0.131608360029536 0.331326193625427 0.157855997144872 0.193403002720323 0.220469908301726 0.183436781328416 0.143533745736183 0.294098385319551 0.282435290268758 0.10580724328474 0.150909926284626 0.20320606830158 0.163235134791953 0.171353634072578 0.214526796489707 0.284595460632868 0.173921053506243 0.259668214943735 0.23561055569337
3.97135416666667 0.19625583950349598 0.227434615068725 0.109375782923835 0.278286634609397 0.159828449828494 0.177656477120648 0.225931637880669 0.171047927958551 0.130646611581695 0.287250613382343 0.149320834194676 0.162459885353863 0.325163710579584 0.164242487436473 0.193590285523195 0.199548268953484 0.218542664502551 0.216300251117177 0.16467396353072 0.185284447231508 0.178531241292332
