0.260416666666667 0.18662055374237743
0.325520833333333 0.2014031096678856
0.390625 0.185494089646164
0.455729166666667 0.1796741697310802
0.520833333333333 0.18863749481815648
0.5859375 0.1729799516923968
0.651041666666667 0.17906750249026063
0.716145833333333 0.1817341846676578
0.78125 0.19416367463564915
0.846354166666667 0.19363318330941537
0.911458333333333 0.1989444513808336
0.9765625 0.2060676961518151
1.04166666666667 0.19258413197106594
1.10677083333333 0.19312309031011612
1.171875 0.18456502620549653
1.23697916666667 0.18042705254493213
1.30208333333333 0.19849141271401607
1.3671875 0.19130726465003325
1.43229166666667 0.18179064873292994
1.49739583333333 0.20337572200199797
1.5625 0.21420915810630237
1.62760416666667 0.1880350052406447
1.69270833333333 0.17009736047938473
1.7578125 0.1757798204888599
1.82291666666667 0.17311291862755407
1.88802083333333 0.18105303630321706
1.953125 0.17406078714845039
2.01822916666667 0.16669224946117164
2.08333333333333 0.16371111234960825
2.1484375 0.1732008980017055
2.21354166666667 0.19785034079100525
2.27864583333333 0.21211237797137147
2.34375 0.20393237056026248
2.40885416666667 0.17566810198589075
2.47395833333333 0.1758136933426151
2.5390625 0.18308178602719558
2.60416666666667 0.16955208388364484
2.66927083333333 0.1713472406422474
2.734375 0.17406823572923927
2.79947916666667 0.18683600672927872
2.86458333333333 0.18870197620726675
2.9296875 0.171068910788515
2.99479166666667 0.17849312051183833
3.05989583333333 0.26602999821603057
3.125 0.38564841525757865
3.19010416666667 0.26523385146398654
3.25520833333333 0.18573426147837827
3.3203125 0.18685801844046637
3.38541666666667 0.1830892289870441
3.45052083333333 0.1718518784678273
3.515625 0.1797662859293425
3.58072916666667 0.20173543189397128
3.64583333333333 0.17901404068821994
3.7109375 0.18126710615097463
3.77604166666667 0.1862101366018121
3.84114583333333 0.18743529541682985
3.90625 0.1964085801021862
3.97135416666667 0.19588768527758868
P5-16 only
sentence
advp 0.1457510736699954
rrrr 0.05778303033277493
rrrv 0.816247441820405
avav 0.07244815661359842
anan 0.06822772767294023
phmi 0.036554803975960073

phrase
advp 0.028144789889706496
rrrr 0.377067475896492
rrrv 0.019483310635665205
avav 0.04454990098928903
anan 2.1688042925321824e-7
phmi 0.15105904934458037

syllable
advp 2.228981089415593e-12
rrrr 1.5626800584938896e-11
rrrv 2.3079455406084627e-12
avav 2.2221821058678574e-12
anan 2.2221821058678574e-12
phmi 3.02441277930339e-12
