0.260416666666667 0.19229077120830335
0.325520833333333 0.20007894086486558
0.390625 0.19440471261590472
0.455729166666667 0.1885743621695858
0.520833333333333 0.17634324487456085
0.5859375 0.20959421473588175
0.651041666666667 0.1972897802097753
0.716145833333333 0.18167403142356767
0.78125 0.1749236507290497
0.846354166666667 0.18470737863993225
0.911458333333333 0.18678457038639915
0.9765625 0.18899464827830878
1.04166666666667 0.16613153144162568
1.10677083333333 0.18029075279434661
1.171875 0.18926170051371752
1.23697916666667 0.20060123216237566
1.30208333333333 0.18637235888964218
1.3671875 0.1688372299374433
1.43229166666667 0.20200926263633637
1.49739583333333 0.19053135962322698
1.5625 0.1909507364465437
1.62760416666667 0.1896046552985923
1.69270833333333 0.19677485708189282
1.7578125 0.19519317769825828
1.82291666666667 0.1948928169666412
1.88802083333333 0.17582578526955886
1.953125 0.1757992871215081
2.01822916666667 0.20257972148308254
2.08333333333333 0.18781123081514456
2.1484375 0.17069718048142118
2.21354166666667 0.17641364411733132
2.27864583333333 0.1882294314062859
2.34375 0.17322793418181115
2.40885416666667 0.18826166780023312
2.47395833333333 0.19390281726918904
2.5390625 0.16603597366145414
2.60416666666667 0.18736419209068425
2.66927083333333 0.17772115002048539
2.734375 0.19373327628509693
2.79947916666667 0.19523723986677602
2.86458333333333 0.19484029846352827
2.9296875 0.1861319564100861
2.99479166666667 0.16439679950400973
3.05989583333333 0.24860202141791812
3.125 0.37219638182563897
3.19010416666667 0.2707320970480169
3.25520833333333 0.19672162917573432
3.3203125 0.1813958932251439
3.38541666666667 0.188007347553291
3.45052083333333 0.18714352419204278
3.515625 0.1796211097567429
3.58072916666667 0.19112165299186076
3.64583333333333 0.18357653637608737
3.7109375 0.19163798418579367
3.77604166666667 0.178712616848716
3.84114583333333 0.18506967389997
3.90625 0.18930125491327174
3.97135416666667 0.1677788415951305
P5-16 only
sentence
advp 0.13895403568333697
rrrr 0.05169822807661578
rrrv 0.803255169289163
avav 0.06662499108770549
anan 0.06361492442432584
phmi 0.034122715631678305

phrase
advp 0.02629899708987537
rrrr 0.36835681621474564
rrrv 0.017644140278070167
avav 0.04185992820895062
anan 1.9501649612096904e-7
phmi 0.14694176044410537

syllable
advp 2.2330702636130435e-12
rrrr 1.5700365057531183e-11
rrrv 2.3093550743051034e-12
avav 2.2221821058678574e-12
anan 2.2221821058678574e-12
phmi 2.9464376187728405e-12
