0.260416666666667 0.19383745943081362 0.16393345014693214 0.2670114406170114 0.25876410106076625 0.1720870810435196 0.20008212220739055 0.1648504352690301 0.14047313532704653 0.2121817127043067 0.184663747225788 0.19245953047703862 0.19725173759277007 0.1663129938058836 0.17560208473408437 0.21222843782223313 0.17491286986823942 
0.325520833333333 0.1764418400060702 0.16655878018174672 0.22472403021574136 0.2985169621831283 0.22491362269847318 0.14207426621141178 0.16165582141103454 0.2402440623896807 0.1555784263549596 0.11666008051348571 0.28988563295360154 0.18855235214688967 0.20083139081546617 0.20704854841800652 0.26771868151510836 0.1398585558230454 
0.390625 0.1628485457491651 0.17672945992775088 0.2009518273493361 0.17617908395252815 0.2705998018141886 0.17262887729016763 0.146351311578845 0.1609363746201085 0.14742875139184042 0.16721524968984122 0.26358588476526906 0.19657907690111445 0.22384322842474363 0.19725169119458255 0.20061963510300265 0.24672660210199157 
0.455729166666667 0.22275430969581192 0.17788277731817068 0.25188371216044225 0.1380905573704072 0.19353792396829014 0.1902477707549014 0.1911754313275437 0.12595284925800607 0.2300779276740181 0.13779325507022921 0.18459313687007192 0.21228793546504823 0.15579503218280696 0.19083230198473805 0.17130724111578 0.2429776324971072 
0.520833333333333 0.20767124284133281 0.14189969951947917 0.1354265174277931 0.11604683582739155 0.16157570784965947 0.18181629981877057 0.2820611422336502 0.24595810013945918 0.21277302603270923 0.14623456563430245 0.15665448775836072 0.186957616498659 0.13815771368847413 0.16676415863051303 0.18343804205225303 0.1580567620401657 
0.5859375 0.2625214718029201 0.15010820264753835 0.1315081406437659 0.16095864499050921 0.2311366152211213 0.243795768980266 0.21022298716178908 0.2807527923509326 0.20368774059732536 0.2243876897631452 0.14644825961967806 0.20325559556544714 0.24780967147504296 0.2004619085764154 0.2033744502177246 0.25307749616048647 
0.651041666666667 0.21992911868316448 0.14727189510990743 0.19223193145047943 0.19950620587381268 0.18456402902028568 0.200155629715565 0.10194271966611668 0.15367088716357688 0.16725351825828272 0.26147467315909717 0.1829853028643703 0.20423273904014583 0.2631136418613326 0.14278398846555834 0.26658910260697666 0.2689311004177335 
0.716145833333333 0.2768555334215002 0.14546863686165326 0.17626792745618491 0.1616816660491276 0.16508357866414813 0.1760177419769144 0.16826402878840183 0.15251383024570073 0.18328219121764303 0.1878849648786396 0.18204265408230155 0.15875778963892032 0.2537833771824747 0.15413726619336698 0.18526272053313997 0.17948059558696558 
0.78125 0.17738356809482086 0.19135468880159343 0.17355416541738086 0.17165890555007457 0.21196536364165244 0.2101827790633778 0.18604262148800754 0.20254809477261784 0.13093072662292715 0.17214240759596516 0.17811769610668302 0.14680775748182523 0.25000782808334915 0.14645740594018977 0.156359651502925 0.0932647515014051 
0.846354166666667 0.15669149434124802 0.17040046480272225 0.19788202876398137 0.17128472199068667 0.18660434290185718 0.17127086907043002 0.14590951008358424 0.3022722993920492 0.18416075292015519 0.17879973193118656 0.2062986656188068 0.12981085253338281 0.2239794350863115 0.13815811639868994 0.1457693410600181 0.2460254313438065 
0.911458333333333 0.19586258071725454 0.13833576386927776 0.25455966305555977 0.16804458773381512 0.18974614342315427 0.14805420733015023 0.12504072590691567 0.22783632002348983 0.1953238048820399 0.18702098614843837 0.23816386656726124 0.16959444048900255 0.18996374887495784 0.16089572992952675 0.16161977807635394 0.23849077915518832 
0.9765625 0.14751635643923128 0.18521404420566412 0.16569959829255523 0.21592275160798152 0.15038093548981954 0.22345050620524337 0.19353634971020536 0.20634993940235852 0.19450719165983732 0.20291067534576274 0.21293339879836232 0.15162178680642308 0.17847697487673428 0.1743265693149431 0.24428742799287825 0.1767798663049402 
1.04166666666667 0.12955071489381856 0.1522296499041484 0.16940836875392112 0.17126706867379202 0.16108283584543415 0.16039779127244236 0.10942987496256498 0.1756115010053397 0.19714058781858543 0.20891477503262343 0.17990032580514675 0.14822725715661625 0.11897118705950091 0.21133775439191865 0.20355547181785763 0.1610793386723002 
1.10677083333333 0.15287665109392096 0.17872037204637642 0.1781527472997493 0.18186180673141236 0.15244359066109034 0.18361610704230413 0.1622256600499988 0.20623278314802365 0.15811024878129748 0.12183396966056634 0.17312244985210878 0.21950250435774177 0.15885353345272132 0.222105999213001 0.1792177216395369 0.2557758996796962 
1.171875 0.19168108768553685 0.17438538167228373 0.17291586128824135 0.20278896215133232 0.15757525459271454 0.23164883396895544 0.17004455752087516 0.29220376327610686 0.18907888919995142 0.14080435621738532 0.14126235702231574 0.14273212114173536 0.16468332902229973 0.1794881013892436 0.22749506458567673 0.24939928748482626 
1.23697916666667 0.16985047518202243 0.17596988623383625 0.19228031166411577 0.23991339602855857 0.13166487210197314 0.190081399540741 0.20853932693871363 0.24114152097680028 0.2075521071379483 0.17308057503412505 0.13822549971947587 0.244978590470683 0.15123092558676432 0.2254851003369926 0.19971524879865632 0.3199104788466045 
1.30208333333333 0.14501259062071983 0.14555221438013083 0.17966510710991807 0.15435668602690103 0.1886836286552233 0.22256411002591167 0.16428757493738122 0.18072864757564613 0.19889193227499963 0.19563526677182647 0.1636816353400759 0.25983915532150464 0.14202952839305488 0.18614068481638602 0.18289921432522985 0.27198976565936556 
1.3671875 0.11777530332818796 0.14977522612645103 0.18088528458939207 0.1955464007558718 0.15597596436227543 0.13955522913953053 0.13952188269423743 0.1743952172281523 0.21390756485332185 0.1968041763285747 0.14553481655981332 0.20454317059601143 0.12458074123573727 0.1753986225239846 0.2271213364114891 0.16007474226606241 
1.43229166666667 0.24467267431654147 0.27365403843157116 0.19508367154676418 0.24870605935365941 0.20635380350908644 0.11586509604414527 0.22347823269076372 0.21408350984315944 0.23028086968722153 0.16827129386179693 0.16177780664195693 0.172449333250424 0.20194695865492088 0.2566205950252389 0.21182609499246707 0.10707816433166531 
1.49739583333333 0.26227474239589676 0.24817333936388253 0.17052101531993272 0.16679803306056523 0.17750621014765938 0.16429117950265737 0.22473080779418453 0.2030616452768399 0.19711885590178824 0.10155328021553604 0.23017248323606723 0.17401716938640846 0.1337535918885239 0.2460690517617201 0.2137734649140719 0.13468688380589747 
1.5625 0.25178570797142125 0.18408173847963907 0.13652932671609 0.18962574156248183 0.20157544188009513 0.1827891935224906 0.19913900495418252 0.18943030995475524 0.2096452411594818 0.1640362723998348 0.1646162537814275 0.22255037039536776 0.20980784401807184 0.23677734003275996 0.20991453896046275 0.1029074573561369 
1.62760416666667 0.2609152808598764 0.1772713690117119 0.1973835376219576 0.1950343541306857 0.26931032673253835 0.19011320073035395 0.16714059970140993 0.15043207290657756 0.23312540771866896 0.17310267865991075 0.11834838928826939 0.17076033739189203 0.170274896079499 0.23318095238053949 0.18478593656394615 0.14249514499963956 
1.69270833333333 0.27552820918776205 0.14762500000899487 0.19754947163008293 0.1936778670771687 0.24098134030516377 0.19676045920033652 0.18082513925853883 0.24572421204920541 0.21892887909027636 0.14741399878412675 0.16816094156868136 0.12853693452714532 0.23155463021292116 0.25253438701706155 0.11581934943738348 0.2067768939554359 
1.7578125 0.29350681367636866 0.18014389230837058 0.12197524098581043 0.16789242811365615 0.17907303522696041 0.15966516041763584 0.12379772488016658 0.2409856501388057 0.12897916165373088 0.15475263702707026 0.16001265331829145 0.2529799374051975 0.35359125608416675 0.21592643938451575 0.226431173694289 0.16337763885709683 
1.82291666666667 0.2621030225422442 0.26672258536861443 0.18689129434941648 0.13712752249367927 0.14319175885329274 0.12836657849040792 0.2320813322607899 0.28163932977210676 0.19362999069598402 0.19181500205603513 0.10892085440789687 0.2628633274396104 0.2087553554901085 0.16892544895997907 0.21985090789940578 0.1254007603866876 
1.88802083333333 0.2598560632105809 0.18226841859887002 0.1583271911507413 0.18293287737130676 0.15831217604613382 0.1475470808502346 0.21184521569986103 0.2156991900340161 0.1590244292402458 0.20851118868078128 0.14327715723027418 0.15565869009986683 0.17564253601230456 0.17788937948832678 0.13603510048684792 0.14038587011255033 
1.953125 0.2478192673146522 0.13804828757249524 0.1675755641734696 0.22050600667304746 0.18343087072719377 0.11201457616103956 0.1768045069154575 0.18432610050323872 0.18293033132210823 0.15793012147147517 0.12821776272662028 0.14204139481876374 0.17193886019836058 0.21651975511755295 0.17983291761076006 0.20285227063789435 
2.01822916666667 0.21861387495539678 0.12058753648972473 0.1724708589568066 0.23601885171050324 0.24811028327042395 0.13571109413971413 0.2379306530845062 0.2606072426390097 0.17291094708785024 0.23897109723267182 0.12980306041731904 0.1813008421696735 0.21232919313949208 0.22110460458415196 0.1812402693270648 0.2735651345250122 
2.08333333333333 0.15169734777445418 0.11672416215972849 0.22425900780634153 0.16470088097398533 0.29006456196760727 0.18826005117356423 0.2360782973187336 0.23570605379415882 0.18561190151071583 0.16373290913980634 0.1882467331622031 0.13894919182114768 0.18859455479042295 0.13834606676215297 0.14844511890631967 0.24556285398097133 
2.1484375 0.17006363986664358 0.11648195490403754 0.2920569698486568 0.14807443199239767 0.25310896010681005 0.15743721302744063 0.16943777527232934 0.16730168342120968 0.19486926266993523 0.2011020690354251 0.18658919209263763 0.09987285048955086 0.13069985480922366 0.1548504421926876 0.12514371941908925 0.16406486855466448 
2.21354166666667 0.1348357316724196 0.18653606037007145 0.3005132337562131 0.14916840298208142 0.20689236513730846 0.18069135279387055 0.15434449106420225 0.15064798727468964 0.14514432895931378 0.17041409955359765 0.1783143305571093 0.12837778523211038 0.250505040913449 0.16253354634333297 0.2069062695424847 0.11679327972504686 
2.27864583333333 0.17593327940182638 0.22389572685931738 0.2065997421589712 0.12919866716050327 0.14893912052853825 0.21922441148257255 0.12729887672282694 0.13380200000826548 0.15129366713908599 0.18555334016534708 0.20738722188591063 0.20095593599311054 0.3015920383869833 0.17678570593791415 0.251749157621978 0.17146201104742365 
2.34375 0.15756865824080374 0.20456842956420637 0.13546339538716168 0.21173974629637868 0.16408483133718924 0.1330878720996267 0.17672761817267793 0.15865825887061116 0.1972998554104677 0.1555941416199234 0.20867081987867186 0.25784913694865813 0.19217986659450328 0.1212257090147351 0.12235960876775479 0.17456899870560855 
2.40885416666667 0.19731276735870043 0.2453973154316986 0.2950733291805894 0.26879289953087154 0.16757081234235066 0.11673205745339725 0.21051122120146018 0.20904913909778233 0.15216389596371338 0.16587942977410683 0.222010166113851 0.15796907650859002 0.21512368202892762 0.12703282354624307 0.12569491907208055 0.13587315019936735 
2.47395833333333 0.19033585372040654 0.22223560387255653 0.2628567472317643 0.23722614922235963 0.18827488937496709 0.2132369272927744 0.22918963536968154 0.19531739368094767 0.13888894916393774 0.19846437359910613 0.20307052844680754 0.13303618065268402 0.28742705468623664 0.10217339921712258 0.16897835938562883 0.13173303139004355 
2.5390625 0.142997210339044 0.1645425128434551 0.16358545958553097 0.12097222929568327 0.19167387271533562 0.23617994140327253 0.2494561014360052 0.144644638693401 0.19535765168302902 0.1310190444109243 0.17176169708099642 0.15321046406018238 0.20042898639876003 0.11811287450407872 0.12754834703706422 0.14508454709650354 
2.60416666666667 0.17039226096815152 0.23605236222905276 0.19300012079345838 0.19622481713585682 0.20635144641018202 0.19822470754769364 0.23482741635033003 0.17895593102389848 0.17759006722981766 0.143501027116415 0.20561970390590795 0.18798650570597816 0.1421869717560455 0.1434473744939874 0.19520967533821618 0.18825668544595683 
2.66927083333333 0.1254578588970909 0.23941254887180383 0.1320850482257635 0.23482164987403764 0.1849771994047234 0.15622809158896958 0.22215982561680078 0.12193917483060725 0.17091728407488999 0.1939290474539683 0.14634230090867936 0.24280287497500044 0.20699168434355084 0.1640052392960009 0.19584251883196366 0.10562605313391585 
2.734375 0.10375144662558702 0.20586592824880864 0.14061612613059726 0.16755210016724895 0.18844681453909978 0.20496580150857688 0.23335009683566843 0.24879759208844976 0.16149679792005128 0.1866366842581239 0.15634335039757152 0.22469829570930538 0.30300478522791463 0.1637030052666321 0.15385120747881492 0.2566523881591006 
2.79947916666667 0.12418978626727287 0.17180446188041523 0.22586784679692518 0.20439909174286802 0.14071839996101404 0.18403637798086306 0.1563116465430727 0.2128034189712078 0.18908462489199168 0.22190703890619776 0.2084111318805984 0.1512802363603052 0.3215864993207447 0.17632258345381296 0.17615979378568278 0.2589128991254445 
2.86458333333333 0.14509958138705917 0.17156872065899573 0.3000927873692233 0.18310953691622786 0.1989342657578348 0.25723944814501315 0.24721599472012834 0.16785651460596313 0.1500059429296127 0.23215263481487672 0.14643083617437902 0.16779866634924062 0.17119934590815072 0.1970149769324004 0.16987354878492442 0.2118519739624222 
2.9296875 0.09574760979076619 0.18987193996681376 0.22252668485979904 0.1450612791546742 0.1770242177141689 0.15836803668413 0.30313012620880025 0.2183945987597562 0.13749409824364653 0.14400565342562519 0.1598907434585006 0.1455657280669528 0.18666579784987025 0.2154718060871912 0.22499296564994442 0.2539000166407378 
2.99479166666667 0.1662289165372334 0.14308670320839226 0.18599635066814268 0.11176253536508234 0.13351217152540903 0.08837534724068383 0.1717757780130018 0.15443182224856328 0.14451988154360199 0.15763258169977137 0.13035914408837754 0.20861528448671912 0.19116815035584042 0.21090058821126606 0.2461584902036607 0.18582504666841007 
3.05989583333333 0.2821659187883731 0.2283872437264261 0.23596748919148153 0.22371188020701993 0.3088857563069441 0.18954205368646324 0.25284529504655384 0.2167721393317887 0.18885433386956768 0.24229190228452221 0.32775157504367336 0.2760878512638658 0.32586021040677393 0.24931960659771693 0.24318716261826825 0.1860019243172511 
3.125 0.5274427895164157 0.2552333523335135 0.24346934254360952 0.38160306166943 0.507299767156518 0.4518302153204949 0.3212999795791265 0.2654125245063519 0.2980600661519315 0.4965412102234834 0.4170210468199556 0.40045375540107725 0.5137876254222583 0.3483440021623497 0.3026577355398453 0.22468563486386284 
3.19010416666667 0.3703036918120024 0.191093853911116 0.1206297972672032 0.27302817125947304 0.3598981398776124 0.4028108877256371 0.20178625909621056 0.16475353217860164 0.1700671393584875 0.47350794358755716 0.24191204132308686 0.38086082277430383 0.3366695751393503 0.21453208668587925 0.26352162203055496 0.16633798874119438 
3.25520833333333 0.16168140445822338 0.20180373939546098 0.13731826313524903 0.24139901782119924 0.20354336983604834 0.21266840134301837 0.14549185041565013 0.13494000482025062 0.22000936910166083 0.25958025348483416 0.21217867049758343 0.22796905561013284 0.19158784928976627 0.17094227674810344 0.2503154332663543 0.17611710758821403 
3.3203125 0.1499416470323761 0.21549205118530557 0.20434640616094848 0.2328263377880338 0.17937887447780054 0.22913390534849634 0.15670042565843065 0.15794210318781676 0.1715753651090215 0.16932378127748923 0.19988614811715655 0.15465206801394465 0.222812245157114 0.11218965581423639 0.2283588996939633 0.11777437758016877 
3.38541666666667 0.17085987087701196 0.20221687054107504 0.2015787656480401 0.1584975150581392 0.1447846665946844 0.15395603232558913 0.21356422542667003 0.20218568178825946 0.21655455149624794 0.16932560470970787 0.1453487279732954 0.1583261685876777 0.2679632884659934 0.21651617398678763 0.15859390661535197 0.22784551075812498 
3.45052083333333 0.13906017389231826 0.1997820564990089 0.21993595338379182 0.2112029666101129 0.15159740998944254 0.1317997181537453 0.17305935790722346 0.2137483534509439 0.12540070297123512 0.2175813540371559 0.1666315234840712 0.17239978699654684 0.28160311938357724 0.20521867523412965 0.1777619814549876 0.20751325362439427 
3.515625 0.1232546276669594 0.15947604245029207 0.28391438418893294 0.1698303595192973 0.16465763255247146 0.16656337757737583 0.14961281952146133 0.24661016417472595 0.12017349826577856 0.23083380777476006 0.1720658447895748 0.20847280846452207 0.1946559924525986 0.17598138622200066 0.12665600749537603 0.18117900299175937 
3.58072916666667 0.14746339274510287 0.21330859962289572 0.2207839253658298 0.12586457110147936 0.16198085123408962 0.14652157525968104 0.21974634350381836 0.15604786975021517 0.1639021285098069 0.20210045903541948 0.23484234256305053 0.24539026195793243 0.24965988038436018 0.18561574177984777 0.15561644211552084 0.22910206294072216 
3.64583333333333 0.14673804763925816 0.16308630645659472 0.1519525494164862 0.2572473266882963 0.16335524700871268 0.1299442403836209 0.20190403828015116 0.17178626304040368 0.16883628715644255 0.1786863390991452 0.22117605074097066 0.2565746377437432 0.2708437616055222 0.15582141031128788 0.14582718505949668 0.15344489138726608 
3.7109375 0.25854511828984533 0.16508295284021135 0.21492543463846636 0.260257632934513 0.22414952864742946 0.10003699114661109 0.14859922502791145 0.18718239207420379 0.16195429332165978 0.18438183903337496 0.17697807576690439 0.1373316502317175 0.24293949371104132 0.20151092123247866 0.16512451012711368 0.23720768794921734 
3.77604166666667 0.22924100218617854 0.1864109581232117 0.21443985985383104 0.20873135946517568 0.253313222901635 0.1336033198116056 0.16278648961784747 0.14330989591766835 0.14700930383362318 0.12401059378093912 0.20914605082127982 0.14051700467724493 0.15725635973018157 0.17291547158814458 0.16773812591369405 0.20897285135719537 
3.84114583333333 0.16308220938949192 0.1832634047541446 0.1770028039060059 0.3362650195556119 0.24198696959139135 0.20810626822559042 0.12375979714002187 0.17464294630336114 0.14139229317509533 0.13667747894026647 0.1770567495253105 0.18021502937050604 0.25363227567657626 0.222066723158792 0.13773905599561215 0.10422575769174251 
3.90625 0.1274600910930873 0.17172025470580207 0.15533881113601258 0.27086237856680906 0.21974722795728183 0.27673558037502527 0.169393374182096 0.17829014490554326 0.17355422131714973 0.14761320566778818 0.1950974983463913 0.22071782800820794 0.22135633378110006 0.1720384963529645 0.17065101455784173 0.15824361765924763 
3.97135416666667 0.11537158330506751 0.1980161377609863 0.14937868869514062 0.21845363037265653 0.22667364464576686 0.19293593998899713 0.2106418500180963 0.15673833369226434 0.16585989047318137 0.15415938357425968 0.14697195528598392 0.16332634358075843 0.1383884264069505 0.17821521963715317 0.132230718644586 0.13709971944023963 
