0.260416666666667 0.17508991324195589
0.325520833333333 0.1919486113352567
0.390625 0.1912305580432395
0.455729166666667 0.18969014645350907
0.520833333333333 0.17897601968957086
0.5859375 0.1566092938126554
0.651041666666667 0.17001922253788596
0.716145833333333 0.19544924613981762
0.78125 0.1995771758358984
0.846354166666667 0.19616706744846502
0.911458333333333 0.18872630806711255
0.9765625 0.17853251357237138
1.04166666666667 0.16649632484798857
1.10677083333333 0.17378974052334423
1.171875 0.1869666079474525
1.23697916666667 0.1933617206523658
1.30208333333333 0.16774703186079296
1.3671875 0.18336642570349246
1.43229166666667 0.19339048035469578
1.49739583333333 0.19651355702269768
1.5625 0.19592292523881372
1.62760416666667 0.19433064111186096
1.69270833333333 0.17360629098484961
1.7578125 0.18106435938590953
1.82291666666667 0.18730960112244904
1.88802083333333 0.20963180775299275
1.953125 0.20565085483450032
2.01822916666667 0.20937666991025172
2.08333333333333 0.20214846467227426
2.1484375 0.18459900058542802
2.21354166666667 0.17819083145798673
2.27864583333333 0.17486725039449652
2.34375 0.18554407436466205
2.40885416666667 0.19178222728862898
2.47395833333333 0.18947653353947924
2.5390625 0.15955765161728588
2.60416666666667 0.1637199438528588
2.66927083333333 0.19539088124723386
2.734375 0.1980394597749915
2.79947916666667 0.17498878634822287
2.86458333333333 0.1701312785859486
2.9296875 0.17409862909478482
2.99479166666667 0.17514048170741228
3.05989583333333 0.2528057551696511
3.125 0.4123068472421976
3.19010416666667 0.27735085194567094
3.25520833333333 0.1795285134181833
3.3203125 0.19756336916623649
3.38541666666667 0.1855334683501656
3.45052083333333 0.19150365724577212
3.515625 0.1877172965191229
3.58072916666667 0.18799121935042468
3.64583333333333 0.17471854028827188
3.7109375 0.18850464933969283
3.77604166666667 0.1767009254045507
3.84114583333333 0.18983835141897273
3.90625 0.18786402061204088
3.97135416666667 0.19114206986886628
