0.260416666666667 0.19519185147187607
0.325520833333333 0.1866490379933887
0.390625 0.17702329583211635
0.455729166666667 0.1800141995082727
0.520833333333333 0.17669474611205796
0.5859375 0.1772991304570215
0.651041666666667 0.18499607150452146
0.716145833333333 0.1723661800764111
0.78125 0.19774134712864644
0.846354166666667 0.20480271285334037
0.911458333333333 0.19165272277306952
0.9765625 0.18923572424216456
1.04166666666667 0.1859604455882498
1.10677083333333 0.1876830813164043
1.171875 0.17891682106047568
1.23697916666667 0.19584654518970013
1.30208333333333 0.1884179988492339
1.3671875 0.1746345815932984
1.43229166666667 0.17772923626717782
1.49739583333333 0.2049393275783852
1.5625 0.26258524258578336
1.62760416666667 0.19506118656913857
1.69270833333333 0.17796192612199507
1.7578125 0.1704334577686187
1.82291666666667 0.17771962207432795
1.88802083333333 0.1780814863427774
1.953125 0.170687516111404
2.01822916666667 0.1938062667381758
2.08333333333333 0.1998837290350169
2.1484375 0.17718520824266287
2.21354166666667 0.17709551992170378
2.27864583333333 0.17983914962899508
2.34375 0.18811354299289468
2.40885416666667 0.18516108309610108
2.47395833333333 0.18371867114822962
2.5390625 0.1870965199404058
2.60416666666667 0.17634310423875088
2.66927083333333 0.1652534931322069
2.734375 0.15942549571664388
2.79947916666667 0.1686937950895878
2.86458333333333 0.17066255803876637
2.9296875 0.17660193890756157
2.99479166666667 0.17902788741431536
3.05989583333333 0.3327589489346198
3.125 0.4470107064274188
3.19010416666667 0.2783702613811901
3.25520833333333 0.1888762530082476
3.3203125 0.17857008692109305
3.38541666666667 0.15946516238409908
3.45052083333333 0.17748601360909552
3.515625 0.19358423919330814
3.58072916666667 0.1908623060423516
3.64583333333333 0.19240102127625683
3.7109375 0.1924015139019829
3.77604166666667 0.18153548407188963
3.84114583333333 0.1849385650907856
3.90625 0.19254666141464163
3.97135416666667 0.18360943550353245
