0.260416666666667 0.1922907712083034
0.325520833333333 0.2000789408648656
0.390625 0.19440471261590472
0.455729166666667 0.18857436216958584
0.520833333333333 0.17634324487456085
0.5859375 0.20959421473588175
0.651041666666667 0.19728978020977536
0.716145833333333 0.18167403142356767
0.78125 0.1749236507290497
0.846354166666667 0.18470737863993228
0.911458333333333 0.18678457038639915
0.9765625 0.18899464827830878
1.04166666666667 0.16613153144162568
1.10677083333333 0.18029075279434661
1.171875 0.18926170051371752
1.23697916666667 0.2006012321623757
1.30208333333333 0.18637235888964218
1.3671875 0.16883722993744332
1.43229166666667 0.20200926263633642
1.49739583333333 0.19053135962322698
1.5625 0.1909507364465437
1.62760416666667 0.1896046552985923
1.69270833333333 0.19677485708189282
1.7578125 0.19519317769825828
1.82291666666667 0.1948928169666412
1.88802083333333 0.1758257852695589
1.953125 0.1757992871215081
2.01822916666667 0.20257972148308256
2.08333333333333 0.18781123081514456
2.1484375 0.17069718048142118
2.21354166666667 0.17641364411733132
2.27864583333333 0.1882294314062859
2.34375 0.17322793418181115
2.40885416666667 0.18826166780023312
2.47395833333333 0.19390281726918904
2.5390625 0.16603597366145417
2.60416666666667 0.18736419209068425
2.66927083333333 0.17772115002048539
2.734375 0.19373327628509696
2.79947916666667 0.19523723986677605
2.86458333333333 0.19484029846352827
2.9296875 0.1861319564100861
2.99479166666667 0.16439679950400973
3.05989583333333 0.24860202141791812
3.125 0.37219638182563897
3.19010416666667 0.27073209704801693
3.25520833333333 0.19672162917573432
3.3203125 0.1813958932251439
3.38541666666667 0.188007347553291
3.45052083333333 0.1871435241920428
3.515625 0.17962110975674292
3.58072916666667 0.19112165299186076
3.64583333333333 0.1835765363760874
3.7109375 0.1916379841857937
3.77604166666667 0.178712616848716
3.84114583333333 0.18506967389997003
3.90625 0.1893012549132718
3.97135416666667 0.1677788415951305
