0.1 0.9983895841123858 0.00030383138484564386 0.9984888637729565 0.0003174749023478578
0.2 0.9936742626275978 0.0013827824818886131 0.9923377702036693 0.0013657643984007377
0.3 0.9858234823843943 0.00271872810193774 0.9876019202776857 0.0026333202890269445
0.4 0.974937420563679 0.004839372680851406 0.9746071941939537 0.005180781922423963
0.5 0.9626298119160859 0.007548286625364057 0.9714950058759623 0.006144385646437994
0.6 0.9444824980153512 0.011432176250859493 0.9518044792868434 0.01276798674318446
0.7 0.9254525734675342 0.015132950896433415 0.9285397217253702 0.018284230879683654
0.8 0.9018983588284618 0.021437812818273682 0.9220193469019594 0.02569858190638745
0.9 0.8752386332858905 0.024194871287683276 0.8992292635820008 0.027283403641725185
1.0 0.8495081622653506 0.02990908487489968 0.8618687241563227 0.03788564136085548
1.1 0.812853842517688 0.037366145302662586 0.8246659978483448 0.02983606973489256
1.2 0.7835912464178192 0.04207033070804072 0.8068528687976806 0.0454648134469719
1.3 0.750483190404465 0.045306253204056283 0.7593029030301985 0.05508401207987798
1.4 0.7151492395649273 0.060044352896131886 0.7497171675366099 0.06524979011189384
1.5 0.6877918803144594 0.06252105886599876 0.6165707176453088 0.08104582064223796
1.6 0.6347574946218381 0.06432457463919397 0.7916538596376209 0.057108123517001334
1.7 0.6035056211087287 0.08009714045568707 0.6600643784279461 0.06264925957231575
1.8 0.5649539885742377 0.0850917468342071 0.6910739592463926 0.0709225503429206
1.9 0.5192058971737031 0.09885595469309205 0.39878282303127927 0.10579127319452918
2.0 0.4927807163185713 0.08993141410105748 0.5377761741633427 0.11066681041102774
2.1 0.4381382072893921 0.10624795242237858 0.3652111703573053 0.14644050603250794
2.2 0.4122248631603041 0.102418075710169 0.6411709852737384 0.10777367694046011
2.3 0.36659749752420145 0.10648031717943862 0.468183798142793 0.11692147043288087
2.4 0.3142413305175906 0.12303167555725744 0.4480844637673709 0.11687291749396457
2.5 0.28869650515734446 0.1252497306695163 0.2411161852306647 0.12653400835505335
2.6 0.2787833740169625 0.1219128351033479 0.3524594065401175 0.12031886830864198
2.7 0.2513607833790724 0.12687445485443674 0.36546206499575673 0.15297069060597804
2.8 0.21460494169629563 0.11099508382619842 0.3684104956584783 0.14398876816324252
2.9 0.2261577385678314 0.11001733650349585 0.37690801165846466 0.12768849676201308
3.0 0.22101476112317667 0.1040512915700899 0.29921453720814806 0.13464844818074612
3.1 0.21425428625533946 0.10304989208445546 0.2989298415260853 0.13125197930835628
