0.1 0.9547550512582377 0.009237710871548661 0.9635729394976881 0.010022261198030883
0.2 0.9534484516320123 0.00961441876495566 0.9272527456695514 0.013065891695542673
0.3 0.9533048072940103 0.010327668927109688 0.9571602277742379 0.010740705138220123
0.4 0.9528881509174538 0.013386409008207915 0.9436332662428348 0.009968275004303877
0.5 0.9510331454375468 0.012719261089377962 0.9719427562626987 0.0056062343313191595
0.6 0.9486683134592004 0.015937494857497826 0.9272928907190489 0.026703858273679926
0.7 0.9474818211434881 0.016620990323671075 0.9602062556809421 0.011949350399879433
0.8 0.9468074744602876 0.018127741378854884 0.9348342490291373 0.021406791343526087
0.9 0.9440103360874228 0.023097803422530497 0.9542949809739608 0.010535720271436897
1.0 0.9409477013480051 0.02430530868527469 0.9382590002921415 0.02509269447958256
1.1 0.9332590321580159 0.025600644876331666 0.8835056571619888 0.047891850719268825
1.2 0.9360238770146735 0.02790120020977819 0.9223755614891462 0.03079694376263196
1.3 0.9333905642543745 0.02990085925512147 0.9311245018204048 0.02962469124124714
1.4 0.9257192058555481 0.036613778112945757 0.9373860132852263 0.018364629217371062
1.5 0.924595951638955 0.038931114254447036 0.9292583361313398 0.019072626137785955
1.6 0.9283827565610956 0.03806068854744987 0.965341242095236 0.00652523219223903
1.7 0.9220094226048867 0.035910764300625765 0.9258645297015606 0.026083805668164203
1.8 0.905800803289925 0.05789643830184168 0.9511368081187306 0.008246210481750069
1.9 0.9103495809760744 0.04765453774597712 0.9256476113992999 0.031717982697546214
2.0 0.906669059944359 0.05292271752801345 0.9398249968935779 0.031889644684198755
2.1 0.9044158342075137 0.05860189922168042 0.8862083308192265 0.07333278589196697
2.2 0.9022676428796993 0.05977516684154245 0.8231350942537026 0.08693773938077713
2.3 0.9030281836998819 0.05959683554516413 0.8883564295706498 0.06478987494018483
2.4 0.8865863161921314 0.061633847203698765 0.8376609539068525 0.05902805096099073
2.5 0.8785666879594549 0.07528099856029724 0.9654765425172939 0.007490754541764881
2.6 0.8877986741699622 0.06964141016814122 0.950774774296335 0.009165132609702815
2.7 0.8768481917689818 0.07148257290488005 0.9684650376568151 0.008605820201799832
2.8 0.883214341073913 0.07253756593522437 0.9613881763471995 0.012693750441583159
2.9 0.8746940399395696 0.07642687796093688 0.9043027770018525 0.06084809597793615
3.0 0.8616494045968818 0.08316934495148663 0.7745822608968989 0.1145356212807884
3.1 0.871702339123188 0.07487953514676782 0.9597246905413027 0.007977398537874207
