0.9776537625236126 -0.21022159885088804
0.8397494621956313 0.542974070045843
-0.9621196793612306 -0.2726274428333337
-0.44423204847304354 -0.8959117630154453
0.9694572110855717 -0.24526050614435554
0.9914563341019587 -0.13043901858380152
0.9970670422527524 -0.0765330860043401
0.996598618185341 -0.08240870239888866
0.42092367273004166 -0.9070960598169593
-0.3170005191070448 0.9484253638984274
-0.11849026482094972 -0.9929552140669089
-0.38949432716095006 -0.92102886442795
0.9663166192771078 -0.2573561565396503
-0.9144258532446133 0.40475345448539574
-0.7223781245831183 0.6914982611140659
-0.9330033368051749 0.3598677166826854
-0.8257403043572492 -0.5640504851163567
-0.3648278181616308 -0.9310750040117197
0.521304690502806 0.8533706226838216
-0.7878813237684238 0.6158271020805403
0.5614623073349866 -0.8275023126505888
-0.9683124615161954 0.24974182043151355
-0.15041715505859612 -0.9886226173136433
0.5762511526459593 -0.817272665072192
