-0.5064851765517729 -0.8622486682699599
-0.8183247630064125 0.5747561067535503
-0.939391337154825 -0.3428467816364475
0.9968190163830694 -0.07969848541277316
-0.9555474046950078 -0.2948375101316576
-0.03706959022586358 -0.9993126865403474
-0.898999579313217 -0.4379494906888909
-0.9908244118084842 -0.13515541041471923
-0.7568757528013539 0.653558792168986
-0.9999040121763175 -0.013855195188190788
-0.6961682601284128 -0.7178786482336541
0.9353481893219899 0.35372837705232935
-0.9544299303341 0.298435098610142
-0.9843193261997011 -0.17639575978397562
0.05028440950787439 -0.9987349388904166
-0.9936977278085283 0.11209293353359949
-0.9469439503058747 0.3213987476315133
-0.5094563440173533 -0.8604965040838181
-0.8431050850602304 -0.537748840580416
-0.3334070392096691 -0.9427829793783097
0.6635187606717333 -0.7481596448864689
-0.9943043737653148 -0.10657772896419485
-0.1879014294100547 0.9821878907956758
-0.8490916742896737 -0.5282455192918901
