-0.9342419010593059 0.3566399729490425
-0.9859027832306385 0.16731916213655917
-0.8379070677440988 0.5458129220021142
-0.9814082796249284 0.19193172922588567
0.1640401050115917 0.9864536704517785
-0.8354957665434204 0.5494968826918152
-0.6159514131862777 0.7877841434008604
-0.6662653096203398 0.7457147827396964
0.9241879988114757 -0.3819378782640443
-0.8608375662700235 -0.5088798330630748
-0.8556705887991524 0.5175208628298111
-0.9301989511747452 0.3670557331433526
-0.8534245509909517 0.5212164001313588
-0.974650268139453 -0.2237338928631346
0.02760262034984384 0.9996189750849181
-0.8015370235183564 -0.5979451479269097
-0.8989049736456359 -0.43814363895318487
-0.980499118447148 -0.19652348135621334
0.700958519139875 -0.7132020432144272
-0.32541542757502523 0.9455711498856992
-0.9617623057827197 -0.2738855001191305
-0.3434846272150551 -0.9391582991524563
-0.7524922456635174 0.6586011085750438
-0.9638838184981083 -0.2663230828101572
