0.01711167965934056 0.9998535844908674
-0.8928508468486825 -0.45035249003596106
0.18304473851092332 0.9831045843161692
-0.3347651306064348 0.9423016010439844
-0.18822574113648255 0.9821257915224617
-0.2067696188590504 0.9783896589380342
-0.9997658813280418 -0.021637526022258408
-0.3103422253045806 0.9506249014164317
-0.1646616483169454 0.9863501110526356
-0.6856375653126864 -0.7279430809013104
-0.509324486559942 -0.8605745565553581
-0.9927376280154103 -0.12029963392436692
0.6502027430007823 0.7597607472054994
-0.2445198828838617 0.9696442785240691
-0.006788304239388092 0.9999769591973375
-0.2950998422594546 0.9554664217535039
0.39087711645739404 -0.9204428715732188
-0.9992311065492415 -0.03920708742534087
-0.8338913972206256 0.5519285620815729
0.29091756255698115 0.9567481234870049
0.8695534349565255 -0.4938388641604742
-0.6601888155961126 0.7510996789786305
-0.26903594617797905 0.9631301364115441
-0.8451535489539386 -0.5345235997508085
