1 1 -0.17055115909013954 0.1654133614124763
1 2 -2.1512694100266203 0.16374565439884967
1 3 0.3396583413292539 0.2278189652560725
1 4 -1.970181885086956 0.04129160091428872
1 5 -2.291437265073026 0.2529172705015747
1 6 -2.3840327171303457 0.161399348268208
1 7 -1.794367916080536 0.14867111987658313
1 8 -0.3300854633005572 0.22714986153453254
1 9 -0.4931998149507546 0.16700053136008872
1 10 -1.7338522267229988 0.09960675249296322
1 11 -0.9180135851277391 0.14962741211798913
1 12 0.6075332521699188 0.3125040702037834
1 13 -0.544622542911915 0.3078176842338086
1 14 -2.9915510612955645 0.20772819240970447
1 15 -2.532924479099292 0.19677969692774472
1 16 -1.6960118900397616 0.14439400441003222
1 17 0.556066336635854 0.4176521633802266
1 18 0.6287095652607517 0.34807026311751
1 19 0.1384957288006533 0.19677190576828787
1 20 -2.9476525424769116 0.32772992151011304
1 21 2.771953221591469 0.3084947155520775
1 22 -1.7601327297079898 0.12529685250872294
1 23 1.1380236063513396 0.14733867047198035
1 24 2.353493894817471 0.2254217685619981
1 25 2.045748339958457 0.16696574405733222
1 26 2.823225192449129 0.1610516817745148
1 27 3.0620241400531585 0.2085109026299917
1 28 -0.34666880240194425 0.33598650373042016
1 29 1.8703409568952436 0.14560999860103319
1 30 1.064088002178789 0.05576367751323937
1 31 1.2239571664414621 0.09321142878930365
1 32 -1.3871581712161083 0.05842856528042119
2 1 -1.6751742437704604 0.4233259325933291
2 2 -1.4309767790721464 0.31148781310719503
2 3 -1.5221225513413692 0.1440740142064565
2 4 0.15323016204280962 0.15321273509265787
2 5 -0.8017034828048202 0.3079320203705253
2 6 -1.1139705889280695 0.31757510544483736
2 7 -1.5957051513756857 0.2743507290348004
2 8 -1.9494767903936536 0.1336436018948268
2 9 -0.19622417418156077 0.26074293020717854
2 10 -0.8426140273248386 0.29344678566949556
2 11 -1.8142810475667996 0.22109697177057558
2 12 2.867068502142321 0.15663242635094707
2 13 -1.2757043378379642 0.1663012379088702
2 14 -0.4336396292807082 0.16060970730188057
2 15 -0.4395740980546248 0.1939839957635007
2 16 -2.036947678964631 0.2977005802789359
2 17 1.4877268563164354 0.23023637435792055
2 18 2.2204177281757547 0.24212134546439257
2 19 0.45383416312096986 0.11815905258066886
2 20 0.7011617218358189 0.18098943973414233
2 21 -2.9820061859986935 0.1700708804296646
2 22 -1.8316826126045294 0.23794822486071926
2 23 1.3296907180228437 0.3494085883513126
2 24 1.883915311455429 0.2842228704246077
2 25 1.784126597184906 0.3665535077763309
2 26 2.5088401577376738 0.1844621664090357
2 27 3.0020758797507123 0.2775924750437112
2 28 2.035639229241619 0.23965433028204025
2 29 1.7374818387619195 0.4757262361744674
2 30 2.0382654108089704 0.4334043469347655
2 31 2.3023469706259867 0.3781922190846641
2 32 2.61934016237977 0.11589269574987049
3 1 -2.081244579507831 0.17389901093104804
3 2 -1.6970923102112292 0.06749934162500318
3 3 0.7324892225532615 0.10123970749957321
3 4 -2.1953617990956387 0.12283158451618029
3 5 -1.0244477237161482 0.09764010409282999
3 6 -0.4263393270632112 0.09007224012658993
3 7 -0.8216136189186342 0.32134949479278013
3 8 -1.094376089176162 0.05726362319565125
3 9 -2.0762846827275196 0.17263906825122052
3 10 -2.252948322890445 0.14780100578838276
3 11 0.32149064522628684 0.21694425930359126
3 12 1.5827452979477499 0.21400451940155368
3 13 2.8239316027274883 0.129127233066569
3 14 -2.771310851602487 0.21416122018951908
3 15 2.2425579649723804 0.35080326382386273
3 16 0.9835260021635138 0.29997370859365874
3 17 0.15393456118556922 0.3254598346112087
3 18 2.554144666080579 0.11640760434071856
3 19 3.0466252743015327 0.27868001895210404
3 20 2.7091507371197987 0.30469280520197156
3 21 2.59985435098893 0.19684086807410292
3 22 0.29005875115185 0.187715845366993
3 23 1.6575952757034331 0.15715802141950333
3 24 2.4199814504142827 0.14525003846763146
3 25 -2.9904001664890925 0.2183699947065959
3 26 -2.8056061670690844 0.12673198882985875
3 27 1.1897575760689023 0.14915301782688747
3 28 -0.34012622915457885 0.2214999202282388
3 29 0.5877610865169858 0.0887520982330336
3 30 1.4829946747974236 0.0264341232403849
3 31 3.093400966159956 0.07928095689052496
3 32 -0.47189671727814547 0.2910331427962252
4 1 -0.203068092482795 0.4598290871428559
4 2 -2.6354058592451692 0.297841905673784
4 3 -0.26721008516107464 0.3310437963894418
4 4 -1.2981170230711552 0.35902971281398866
4 5 -2.6587552602272684 0.4448695140750485
4 6 -2.934209829462552 0.5211276815346424
4 7 -2.9671395771269546 0.29804148168721345
4 8 -0.8630330872648166 0.4427005773864608
4 9 -2.001215703235067 0.35626975162795
4 10 -2.6736873411330055 0.5970680272471213
4 11 -2.9032184060977233 0.2981015794757629
4 12 -0.2989242497398696 0.47205231406141046
4 13 -1.3420778185821294 0.30716294769504515
4 14 -3.123611224363639 0.3427816374503688
4 15 2.955451545271416 0.492957260467682
4 16 -3.118605559947944 0.20152601018838368
4 17 0.02906836379655471 0.5346841055667843
4 18 -0.24752486904876522 0.41917204192156243
4 19 1.9846423776995932 0.24654479502277538
4 20 2.38648473346915 0.5655355247969099
4 21 2.408645023273015 0.46809889060128734
4 22 0.9710604685797263 0.024419066355050745
4 23 0.07147381216250698 0.44276594104964706
4 24 1.3115602404810942 0.1632289203259153
4 25 2.011694537461775 0.2751724705023948
4 26 2.328138505193028 0.44609027932338974
4 27 1.8777582202826162 0.4400177126947058
4 28 0.3283216269464867 0.14263829344726053
4 29 1.2581599768281186 0.25586123792941023
4 30 1.3218399277760549 0.310511282325143
4 31 1.265285004097079 0.2988065426455997
4 32 -0.032603879435719685 0.24464474820109616
5 1 0.7288769812483947 0.1746945740244252
5 2 2.998186844521258 0.3148052357699867
5 3 -1.4474657802328768 0.26337892663429774
5 4 -2.265770465699646 0.638627779144419
5 5 -2.1017219884516702 0.13962323418300196
5 6 -1.593886018017372 0.3712439214195335
5 7 -2.018480836328451 0.29539506548493033
5 8 -2.4369716170599602 0.5722467905663298
5 9 -1.6352400454273512 0.2383532117885943
5 10 -1.1010826762884651 0.12100564251052032
5 11 -2.4507709793850054 0.44449101215253506
5 12 -2.509088077405031 0.47492630806480485
5 13 -2.1630219375870423 0.5863910986188824
5 14 -2.4908912440636595 0.21960374290922904
5 15 -2.775823761253503 0.5678584623829387
5 16 2.729786451720114 0.35349975736215095
5 17 0.2272830345151594 0.5470817864727994
5 18 -2.7936385761329903 0.6196405395384224
5 19 0.7596363129150239 0.26762672212823563
5 20 1.772653543090375 0.2269712694550815
5 21 -2.7666685872152894 0.33430644394299214
5 22 0.6203679963938138 0.3013005716722052
5 23 0.9597287152400803 0.2746270328310498
5 24 2.0887577082908084 0.26679333234444585
5 25 2.2768805997059327 0.25235728864824425
5 26 1.5485079593022504 0.363464218308341
5 27 0.09284477200799113 0.03783890202999027
5 28 -0.3975306656293415 0.4406320075297064
5 29 0.7352571885301279 0.3347142814929247
5 30 1.1862389286309942 0.4231415653003746
5 31 1.1822710132612237 0.4172951938196352
5 32 -0.44399888003363536 0.2036573814624519
6 1 3.0395936295313284 0.1958286515080365
6 2 -1.0949356344592085 0.19399888641372523
6 3 -0.4504265589008825 0.10580225874947236
6 4 -2.1818943861447933 0.14444531100403366
6 5 -0.925739632527592 0.21148131083457436
6 6 -1.7356968546764915 0.10978338529603775
6 7 1.958511163261856 0.12997334345837147
6 8 2.9290959390746356 0.27679105081225014
6 9 -1.5432752313663103 0.09248082067818222
6 10 -0.7019432144923039 0.26435812154446653
6 11 -3.0528604814493767 0.246012083467802
6 12 -2.996217494042901 0.4146248323553202
6 13 -0.49904964578716765 0.26643013920169867
6 14 -0.5391341623254354 0.2832146591439663
6 15 -0.6381307970679241 0.2902695595138212
6 16 -3.1182653685073154 0.3206254737338281
6 17 2.3664596266182563 0.255597244484837
6 18 2.9065645799642583 0.25302257606310297
6 19 -0.6189646986625916 0.260295121111168
6 20 -0.669973698634105 0.2672584184183742
6 21 0.14852351524775564 0.3927188296252451
6 22 2.6610437993333544 0.1173042427338647
6 23 1.8367950747652224 0.15861058709806267
6 24 0.014370223534461277 0.4364074844619096
6 25 0.1587818382509871 0.39006656585476657
6 26 0.03793510492967225 0.4536555873104436
6 27 1.9053488973523454 0.1960239235955916
6 28 2.3110605481948783 0.27500726277473037
6 29 1.8583459896424952 0.1527007595000224
6 30 2.3472983161799332 0.19473679990237747
6 31 1.8558108472105073 0.11895205303562899
6 32 2.5757878715648452 0.3087237935775759
7 1 -0.2790173017021076 0.12104408125353638
7 2 0.10779459239005475 0.1285053182161398
7 3 -2.0595488895115333 0.3511471590161727
7 4 -2.408992584192968 0.1408931127282226
7 5 1.0227895438682302 0.21836226271781395
7 6 0.9746576655882956 0.28646665710090885
7 7 0.751040284108966 0.25354772597309444
7 8 -2.033554242783027 0.3698140213017224
7 9 -1.2172592053017381 0.09289409098244901
7 10 0.6700408552493419 0.24963661135148674
7 11 1.3898365125504863 0.18597650989833292
7 12 -1.8407289028147482 0.17039418839475237
7 13 -1.9648320681089015 0.42066461711758496
7 14 -0.8088742948812868 0.09633507149286806
7 15 1.3782153657423464 0.23906188709934784
7 16 1.256130310027857 0.22875285447261093
7 17 -0.38486723781471815 0.2253559939610833
7 18 -1.8634178160631119 0.40113218583117916
7 19 -1.9653882096944384 0.21581913662543423
7 20 1.8187245212363206 0.253203474407309
7 21 1.7289055424073398 0.3338805568393445
7 22 0.8885086106287226 0.07924119619870174
7 23 -1.53678546291221 0.14037215972465075
7 24 -1.8824093520212135 0.3831682503719528
7 25 2.94986132409078 0.12387658492798673
7 26 1.9552451572532732 0.5101554355913499
7 27 2.1187873788228284 0.2703415796579213
7 28 -1.3965966988232232 0.20094914608159647
7 29 -2.3059497814500562 0.1608604430446143
7 30 2.641848211492242 0.20564011540772037
7 31 -3.1158757823583323 0.1474087948382842
7 32 2.9604546853016505 0.11941432150024114
8 1 1.4967651729254827 0.2022923966407187
8 2 0.11356006712177415 0.18649836455728627
8 3 2.088271598533164 0.21392335364396656
8 4 1.715854821892717 0.4224565454740689
8 5 1.482355108022084 0.31355970717862747
8 6 -0.6404090631409605 0.313035862932682
8 7 -0.9760482225492436 0.23189071525041327
8 8 2.0868656574835627 0.32744175729706676
8 9 1.2938776036982365 0.4444481358167064
8 10 1.3397100068884864 0.25606179192279266
8 11 -1.0502610990120231 0.24893781392041672
8 12 -3.1222032996654203 0.2722019812579212
8 13 1.5806912646706603 0.49959116004653975
8 14 1.2475088535909677 0.276691242978883
8 15 1.3443278832632721 0.1816280566497156
8 16 -0.6992492025156342 0.2854472272692407
8 17 -2.1132210728525016 0.24724175024846243
8 18 -3.1194023619683677 0.2349732179211431
8 19 1.4150006438586096 0.384724188517033
8 20 1.4118465337963961 0.320732438006749
8 21 -1.0151033132280698 0.11711908726318244
8 22 -0.9815361156348629 0.3944393339365256
8 23 -2.4047337582159147 0.24347423119696565
8 24 2.5124202783187712 0.20320550353243394
8 25 1.7884136721184247 0.36668173644617125
8 26 1.7885811300347993 0.2395668014839208
8 27 -1.8207101282633937 0.29281154113508634
8 28 -1.5238826321472505 0.20629625813721136
8 29 -2.200941831638917 0.19904055922375097
8 30 -1.9000949612321951 0.219264624181943
8 31 -1.507693155646277 0.3190316380084653
8 32 -0.9868375089530478 0.32478416972183327
9 1 -2.8606787765343644 0.16203940385821608
9 2 2.5233377908521524 0.18393439661107253
9 3 -2.3648202466220645 0.15332397791943514
9 4 -2.786900411092338 0.2065851119000527
9 5 -2.5713411059294655 0.29184901356481624
9 6 -2.213086808132961 0.24194449356300252
9 7 -2.029564339108119 0.07748661470132544
9 8 -2.3171857777973703 0.2961954358360559
9 9 -2.9400964106351095 0.1790085006296457
9 10 -0.00579107774535417 0.1323921384388647
9 11 2.377589855294822 0.06246709581072625
9 12 -1.7908230119323474 0.45995007901232127
9 13 -2.9107333191073264 0.2830169149456269
9 14 0.7773003381628111 0.1280633445258637
9 15 0.38466374170131495 0.25935285969897504
9 16 -0.26543268068127895 0.1845117947947565
9 17 -1.261393986267651 0.38675876778820034
9 18 -2.2159245733782127 0.27321531932794996
9 19 2.979101054916814 0.10115273472354154
9 20 1.0701708935818808 0.345684110865923
9 21 1.7351554344238074 0.25261280484777654
9 22 -0.7444962937388448 0.18041903635206338
9 23 -1.2216747228284466 0.1944807403378744
9 24 -0.8498366766330332 0.045939319141525846
9 25 -0.283788335162541 0.19300974896128395
9 26 1.4300224521799536 0.38795258309832
9 27 2.1163490482823484 0.35163577086018266
9 28 -1.2913426908970829 0.38848182944648285
9 29 -0.9985050717524732 0.2342717833450108
9 30 0.06691979485749151 0.2552281531383088
9 31 0.8426589187177038 0.2510828348148279
9 32 -0.38290065851254873 0.18180148824857975
10 1 -3.1209532750513143 0.5642350914490574
10 2 -2.7341474475578806 0.45915228008264775
10 3 -2.974150477574961 0.39975430607251305
10 4 3.077977313738158 0.34024416599243396
10 5 -0.882843562829793 0.11000519099204617
10 6 -2.350616072629294 0.14149205450612995
10 7 2.9457272079808003 0.14900418911605137
10 8 2.8552681602298713 0.5755968222967413
10 9 -0.8694754483247363 0.14492733100775493
10 10 -0.784619112522376 0.2192165937211409
10 11 3.0481236011797135 0.17727059317345542
10 12 2.911186445195808 0.7133523767715781
10 13 -2.4457876274774883 0.2785979570688049
10 14 -0.6410264540897446 0.37555571125863446
10 15 -1.1515450243332728 0.31204548811900523
10 16 -2.7743347835830963 0.12082633120307681
10 17 2.1388729345941666 0.35410747656135777
10 18 2.90611193145301 0.38543862182822347
10 19 -0.3758996801823803 0.35895863020210134
10 20 -0.4289519188772169 0.38038396995198875
10 21 -1.1553574777622764 0.2701918912452247
10 22 -3.1347663919253153 0.3161915246353685
10 23 1.922691188686592 0.19031040747325276
10 24 -0.3581429866566491 0.29147797046913093
10 25 -0.038770830871922006 0.433903270991074
10 26 -0.049304536827553994 0.6356379557881195
10 27 -0.23091945171081585 0.34748195374281887
10 28 1.6381796799092783 0.23726204476931187
10 29 0.4947907130604645 0.34031687455501614
10 30 0.41052517957605517 0.35270497128890277
10 31 0.20652548740997545 0.3217304634023367
10 32 0.36842697981743855 0.17640772549150463
11 1 0.19104077699947605 0.6042409912156567
11 2 0.24550388261920825 0.4175510230011997
11 3 0.1743471221594847 0.306521239673921
11 4 0.14129551188917722 0.5046840877197979
11 5 -0.41589957400375055 0.5477937921637156
11 6 0.018781799457726556 0.19383132135690717
11 7 0.712303884205964 0.19755329017660897
11 8 -0.36797010996079116 0.37080929418922565
11 9 -1.1722783650600173 0.46199703878264714
11 10 -1.3617041876017977 0.18958904952059358
11 11 1.4962953487716726 0.10331371979982817
11 12 -0.21877957725005875 0.5080240000022249
11 13 -1.6064433520022576 0.42878877327202447
11 14 -2.299577236842379 0.35148367460906743
11 15 -3.0899459323588765 0.1621671192896252
11 16 2.4407309043603473 0.4197572416423859
11 17 0.0837564998285518 0.6054037402223038
11 18 -1.5519987161089972 0.34638250839363993
11 19 -2.4749369393924328 0.4074250577491366
11 20 -2.999741177169837 0.40965229715744544
11 21 2.8866057234494296 0.52698534369086
11 22 1.7285341863628594 0.46918013639064293
11 23 -0.681135800313096 0.18212514448806555
11 24 -2.7287658115963223 0.4173575666580356
11 25 -3.072750531494884 0.4043538637876758
11 26 2.9837947909981755 0.5515458288713284
11 27 2.7922005259251987 0.6004917399567371
11 28 0.39232482475788893 0.2831560218804131
11 29 -3.137150981684809 0.26352458117552807
11 30 3.0939713943213447 0.29873415477163545
11 31 2.825021867980521 0.4265875312678917
11 32 1.8627234159511936 0.3341873282428919
12 1 2.4529009366312087 0.42134721883514303
12 2 2.413108265218262 0.4077890321609298
12 3 -2.433750078956542 0.12931512056810368
12 4 2.494853364698976 0.3819343941828587
12 5 2.338218197544122 0.27373672469490906
12 6 2.572607263492824 0.20429525459831002
12 7 -0.5251895608799617 0.0581153721781277
12 8 1.6147759649542293 0.18714290667561245
12 9 2.12968554412066 0.38339332200176407
12 10 2.2489987327194054 0.15540119973245267
12 11 -0.937563085342047 0.1440064187140303
12 12 0.8936945309583966 0.08941202289163541
12 13 2.547418326749294 0.3091424254278585
12 14 2.4166760189219874 0.13234762607806042
12 15 -1.9575853398629566 0.17520195009641146
12 16 -0.905492746590756 0.4180434035282634
12 17 0.6705212279799344 0.11704262857578981
12 18 2.9918066736117477 0.2579271468931018
12 19 2.485033054652056 0.19029306940100274
12 20 -0.7291133739717552 0.16141334572456464
12 21 -0.8609491233803774 0.39482026150163796
12 22 -1.1737905627521974 0.2295102673639922
12 23 1.246786950060956 0.20252386070005332
12 24 2.1529045468674877 0.21129160584700282
12 25 -0.511135523946624 0.15181065232659072
12 26 -1.057391265870352 0.2713408425179661
12 27 -0.6936285777616604 0.24308491699217008
12 28 -0.339501396214746 0.15747522398933894
12 29 -0.39709218284291026 0.2150273996691735
12 30 -0.7616829665118643 0.2437685153506711
12 31 -1.2162444736014493 0.31322054300368846
12 32 -1.02960549230296 0.26728646742409595
13 1 1.9483573325942747 0.26187417192808166
13 2 2.161923727557311 0.27246670056689837
13 3 2.2525115882466307 0.14321923404946793
13 4 2.119180577670927 0.2784975591334438
13 5 2.1051254032137203 0.2724146392477681
13 6 2.3906979437715266 0.31426364458457273
13 7 -1.5799178331848773 0.054981006903807784
13 8 2.5179884141047797 0.2055146488939892
13 9 2.4439583253376402 0.4217927012788678
13 10 2.4162627937390937 0.4276672988823398
13 11 -2.773692677513381 0.15884354561500783
13 12 -1.1193454044379916 0.2520425846591556
13 13 2.3893261035865594 0.18483616688324256
13 14 2.430903529489146 0.4242382479793042
13 15 1.0107070098228985 0.16387919061749245
13 16 -3.012189660433719 0.04113472105157441
13 17 -0.7149001772555389 0.37349031437692404
13 18 -1.3437236224088394 0.13211857890200465
13 19 1.895829362162359 0.09108514561700927
13 20 1.2315412967981807 0.14468158218181915
13 21 0.6415258416356885 0.13372143693261354
13 22 -2.8824691372567637 0.06431988647068781
13 23 -1.0321033848962855 0.30145960768238617
13 24 -0.3170712596684319 0.295726724075309
13 25 -1.1927064357052706 0.17693098890358866
13 26 0.39643515283908953 0.1222758285276948
13 27 -1.052585097845026 0.17585687402027209
13 28 -0.4965832392573517 0.2946319329620814
13 29 -0.2869008326873436 0.45871241127961365
13 30 -0.34494910067235757 0.4921725975428944
13 31 -0.4806496443379181 0.4950856281249746
13 32 -0.6681549104350976 0.3039527449891397
14 1 2.633987358475169 0.22894383399794305
14 2 2.8998011379100106 0.11630710845162506
14 3 2.130450589652613 0.04397909905105877
14 4 -2.4219443947699766 0.1306086544198021
14 5 -2.5679978922710776 0.13826348005528205
14 6 -2.246406327931676 0.3064601801816858
14 7 -1.1517206798612172 0.12425518704300763
14 8 -0.9935393482705221 0.05628602789140718
14 9 2.487059662917366 0.1627618162503639
14 10 -3.0584610403314603 0.20631398080377306
14 11 -1.5378423644945138 0.15106269248654833
14 12 -2.866279154183418 0.19790829258107284
14 13 -0.5814656109093949 0.05067696899691223
14 14 0.6411918698053894 0.33739607521225873
14 15 -0.36735732948187777 0.15027686519197528
14 16 -2.582888564823814 0.1447612016008446
14 17 0.6762206421063589 0.06672245854042215
14 18 0.24261046874656172 0.10018456563478463
14 19 0.18934595478274382 0.1465629943964277
14 20 1.6343196424265583 0.09766180595849416
14 21 -0.8801196220955665 0.15019101060256818
14 22 1.9638117781835351 0.15923207826291372
14 23 -0.09660031603034308 0.17008675510408033
14 24 -0.5564757217133843 0.10438125035444235
14 25 0.29990836672413823 0.19739739093771103
14 26 1.9810968138454594 0.1524734458654933
14 27 1.4186878079675382 0.15473579164132084
14 28 -0.469695782692452 0.19351501386732275
14 29 -0.9473273760826544 0.3232644038147631
14 30 -1.8061408918055784 0.0909847227126214
14 31 0.5835058634059982 0.1692341168296275
14 32 0.9802615670556728 0.13247306105520634
15 1 -1.0676746189256328 0.4061742649606419
15 2 -1.2994272709386296 0.416362963013108
15 3 -0.5964190270855226 0.3802926943811223
15 4 -1.0666988641138762 0.3239513650906746
15 5 -1.0120718305830954 0.4695508597927425
15 6 -1.2620609490112242 0.5373328522988476
15 7 -1.3602434439067492 0.36821819420499713
15 8 -1.0990140592682973 0.26066158527322597
15 9 -1.0905641691070433 0.372047768796477
15 10 -1.682003817048135 0.07906900001701105
15 11 -1.886788235204366 0.41641739542955847
15 12 -0.6645438409237505 0.37716888605489696
15 13 3.1050132748927473 0.14907095729630485
15 14 1.4699279344066056 0.1182921830048496
15 15 2.586194573701088 0.3529226957635085
15 16 -2.466871479140559 0.35235863771571874
15 17 -0.42108906329342316 0.4182182463164801
15 18 2.2218303987527452 0.22202891618280976
15 19 2.6028111948033272 0.33956976977689934
15 20 2.386226872121852 0.43790764012080424
15 21 2.4326744493653405 0.4901244098980826
15 22 -0.47931042110619854 0.10385505119646718
15 23 1.6369574349922782 0.26865234161887863
15 24 2.412691643291388 0.4763814156829453
15 25 2.367062641697851 0.47966125860082187
15 26 2.314535149540225 0.5708313248245263
15 27 2.106040507104769 0.5537988898033039
15 28 0.5297001942223476 0.24749388405087516
15 29 1.298765715956585 0.3349157554400495
15 30 1.4580710828306003 0.26348517246088005
15 31 1.7910205387446905 0.3604208172347128
15 32 0.7466854507338536 0.2253720327534811
16 1 -2.3824989136009562 0.15995800551376138
16 2 -2.4136709775526906 0.18324577033904887
16 3 2.3421102142132098 0.13439078289220466
16 4 -2.5415082512111815 0.08187813731690033
16 5 2.7247132031828323 0.17874686046461105
16 6 -2.2824790015204948 0.16322402399351618
16 7 -2.0773789037238926 0.2625979660567208
16 8 2.513164819889902 0.22698149396657147
16 9 2.3527804389635136 0.21796944096297363
16 10 2.638722443322544 0.18523619170654831
16 11 -2.583996750284734 0.24409773392439296
16 12 0.6714842989043281 0.13228423705820316
16 13 2.4738279680106245 0.28749645772812826
16 14 2.218386059904578 0.24379338561793804
16 15 2.7836477765433565 0.21034744885643544
16 16 2.4447553191985163 0.0855473488129955
16 17 -0.4655201952680077 0.23046364302793168
16 18 1.2973874598757993 0.06967214551251802
16 19 2.1547524480318483 0.29052970474862866
16 20 2.37584510935913 0.30659140160972953
16 21 2.4555149770109415 0.20895966869128169
16 22 0.3516503339608447 0.08075522730678991
16 23 -0.7390022220301737 0.29756360244275115
16 24 -2.2282213173856134 0.16802938612016796
16 25 2.395738509283499 0.16653879974813887
16 26 1.3292093720716174 0.10538529740487805
16 27 0.5314077362887378 0.20605902863219977
16 28 -0.3748424406472628 0.25024378056406227
16 29 -0.5892469763224909 0.2233518336404502
16 30 -0.7089860529873847 0.19540382012821464
16 31 -0.4147557126197709 0.28353440368257044
16 32 -0.5062746038513767 0.19034890465213422
