0.260416666666667 0.1718921512014818
0.325520833333333 0.17667801387579032
0.390625 0.19819733253613067
0.455729166666667 0.184080369311187
0.520833333333333 0.18675386200034913
0.5859375 0.17768199778621357
0.651041666666667 0.15679862134808165
0.716145833333333 0.17273186196223023
0.78125 0.19332399792337718
0.846354166666667 0.19347766521026494
0.911458333333333 0.17245327228762028
0.9765625 0.19211516551509605
1.04166666666667 0.17552706139781563
1.10677083333333 0.1884101768744279
1.171875 0.1827643824479647
1.23697916666667 0.17226529049195935
1.30208333333333 0.18934681376421314
1.3671875 0.19564868293411722
1.43229166666667 0.18059028436718172
1.49739583333333 0.18930486408260055
1.5625 0.2055293602668989
1.62760416666667 0.19623456149080748
1.69270833333333 0.1848310315329569
1.7578125 0.18364801785550586
1.82291666666667 0.17257293763532455
1.88802083333333 0.17671224218250067
1.953125 0.1793958243182128
2.01822916666667 0.19047698987752643
2.08333333333333 0.17208436691594708
2.1484375 0.18046778358093793
2.21354166666667 0.17899336071657596
2.27864583333333 0.18677771217198197
2.34375 0.17557009752110872
2.40885416666667 0.19200398733550555
2.47395833333333 0.1932092029565402
2.5390625 0.1694828557420147
2.60416666666667 0.17519918611070748
2.66927083333333 0.17124163322376046
2.734375 0.17813014380214612
2.79947916666667 0.18133992078451552
2.86458333333333 0.18399141067992247
2.9296875 0.18923179018964428
2.99479166666667 0.18325682013793848
3.05989583333333 0.25842658155043774
3.125 0.3688494236433554
3.19010416666667 0.2521274001392962
3.25520833333333 0.19842533661067704
3.3203125 0.1958463669774064
3.38541666666667 0.17756568206829257
3.45052083333333 0.18914133910099212
3.515625 0.1869524823893623
3.58072916666667 0.18219698086247862
3.64583333333333 0.19953607219414457
3.7109375 0.17791973209206066
3.77604166666667 0.1658216981606801
3.84114583333333 0.18456436418329072
3.90625 0.1795565750970513
3.97135416666667 0.18404642914074104
