0
150
120
30
60
90
91
151
61
1
121
31
92
62
152
32
122
2
3
93
33
63
153
123
34
154
64
4
124
94
5
65
155
125
95
35
6
156
66
126
36
96
97
157
127
7
67
37
99
69
129
9
159
39
10
40
100
160
130
70
11
41
131
161
101
71
132
102
162
42
72
12
13
103
133
43
73
163
44
74
134
164
14
104
45
165
105
75
135
15
166
136
106
46
16
76
77
17
137
167
47
107
78
48
168
108
18
138
19
49
169
79
109
139
80
20
140
110
50
170
141
51
111
171
21
81
112
82
22
52
172
142
173
83
113
23
143
53
54
174
84
114
24
144
