90
150
30
60
0
120
121
61
151
1
91
31
62
152
2
122
32
92
153
33
123
63
3
93
94
124
64
4
34
154
155
125
95
35
5
65
96
156
126
6
66
36
97
127
37
7
157
67
69
9
129
39
159
99
100
10
130
160
70
40
131
71
11
101
41
161
132
102
72
162
12
42
13
163
73
103
133
43
74
134
44
164
104
14
45
75
135
105
165
15
46
166
16
136
106
76
47
167
107
17
77
137
48
18
108
78
138
168
79
169
109
49
19
139
20
110
170
50
80
140
51
21
171
81
111
141
22
82
52
142
172
112
23
53
143
173
83
113
114
84
24
174
144
54
