120
60
0
90
30
150
91
61
31
151
1
121
62
32
152
2
122
92
33
123
93
3
63
153
94
4
124
34
154
64
155
5
125
35
65
95
36
96
6
126
156
66
67
127
37
157
7
97
129
159
69
9
99
39
130
100
70
160
10
40
161
101
71
131
11
41
72
12
102
162
132
42
73
133
103
13
43
163
134
164
104
44
74
14
45
165
15
75
135
105
76
136
166
16
106
46
107
137
17
77
167
47
78
168
108
138
48
18
49
109
79
139
169
19
50
140
170
20
80
110
171
21
81
111
51
141
82
112
172
52
142
22
143
53
113
83
173
23
84
174
114
144
54
24
