0
30
150
90
60
120
1
121
151
61
31
91
92
122
2
152
62
32
63
33
153
3
93
123
4
154
124
64
94
34
155
35
65
125
5
95
6
96
66
156
36
126
7
97
157
127
37
67
159
99
129
39
9
69
130
70
10
100
160
40
101
71
161
41
131
11
102
72
132
162
42
12
13
103
163
73
133
43
104
44
134
164
74
14
45
15
135
105
75
165
106
76
136
46
16
166
107
17
77
137
47
167
108
78
168
138
18
48
49
169
79
19
109
139
170
140
20
50
110
80
81
111
21
141
51
171
52
112
22
82
172
142
173
143
23
83
53
113
84
54
24
174
114
144
