0
60
30
120
90
150
31
91
151
1
61
121
92
122
152
62
32
2
63
3
153
93
33
123
4
154
124
64
94
34
95
35
155
5
65
125
6
96
126
66
156
36
97
127
157
7
67
37
129
9
69
99
159
39
130
10
70
40
160
100
161
71
11
131
41
101
102
162
12
72
42
132
163
103
13
43
73
133
74
44
104
14
134
164
45
135
15
165
75
105
76
16
106
136
166
46
167
107
17
137
77
47
168
48
18
108
78
138
139
19
79
169
49
109
20
170
80
110
50
140
171
81
141
51
111
21
142
172
112
22
82
52
23
173
143
53
113
83
114
54
84
174
24
144
