30
120
0
150
90
60
91
31
61
1
151
121
2
152
122
62
92
32
123
63
93
3
153
33
4
34
124
94
64
154
95
155
65
125
5
35
156
126
36
96
6
66
37
7
97
157
127
67
39
99
129
9
159
69
10
100
160
40
70
130
41
71
161
11
101
131
12
132
162
42
102
72
13
73
103
133
163
43
164
14
134
104
74
44
75
165
105
45
15
135
76
46
106
16
166
136
167
137
107
77
17
47
138
18
48
168
108
78
109
49
169
19
139
79
20
50
140
110
170
80
141
171
21
81
111
51
172
82
52
22
112
142
23
143
53
113
83
173
114
84
144
24
54
174
