90
60
120
150
30
0
91
31
151
121
1
61
122
152
32
62
92
2
93
3
63
33
153
123
124
64
94
154
4
34
125
35
155
5
65
95
66
96
156
36
6
126
97
157
127
37
67
7
99
9
129
39
159
69
70
130
100
160
40
10
131
101
161
71
41
11
12
102
42
132
162
72
43
13
133
103
73
163
164
74
14
104
44
134
15
105
45
165
135
75
16
166
136
76
46
106
107
47
17
77
167
137
18
138
78
108
168
48
49
79
169
139
19
109
80
20
50
110
170
140
111
21
171
51
141
81
112
142
22
82
172
52
23
173
83
143
53
113
144
114
54
174
84
24
