60
150
120
30
90
0
91
31
121
1
151
61
62
2
32
122
92
152
3
153
93
123
63
33
154
4
124
64
94
34
65
155
5
35
95
125
6
66
156
126
36
96
67
97
7
37
127
157
69
159
129
99
9
39
40
100
130
10
160
70
101
41
131
71
11
161
42
132
162
102
12
72
43
103
73
163
133
13
164
104
134
74
14
44
15
135
165
75
45
105
16
166
136
76
46
106
137
77
17
107
167
47
78
138
48
18
108
168
19
169
109
49
79
139
170
140
80
20
50
110
81
111
171
141
21
51
112
172
22
142
52
82
113
53
143
173
23
83
24
84
174
54
114
144
