60
30
90
120
0
150
121
1
151
61
91
31
62
2
92
122
32
152
33
3
93
123
153
63
124
34
154
64
4
94
35
5
155
125
95
65
126
66
156
36
96
6
127
37
97
7
157
67
99
9
39
69
129
159
70
160
40
100
130
10
41
131
11
161
101
71
72
132
102
162
42
12
73
13
133
103
43
163
74
164
104
44
134
14
135
105
45
165
15
75
166
106
76
136
46
16
17
107
137
167
77
47
108
18
168
78
48
138
49
139
109
169
79
19
80
110
20
140
50
170
111
21
51
81
171
141
112
52
142
82
172
22
83
143
23
173
113
53
174
24
114
84
54
144
