120
150
0
90
60
30
121
1
31
61
91
151
152
92
122
32
2
62
33
123
93
3
63
153
4
154
34
94
64
124
125
95
65
5
35
155
36
66
96
6
156
126
67
157
37
7
97
127
39
9
69
99
129
159
130
70
40
10
160
100
41
161
11
71
101
131
162
72
42
102
132
12
163
43
133
73
13
103
104
164
14
134
44
74
75
45
165
135
105
15
76
46
16
166
136
106
167
17
107
137
47
77
48
78
168
108
18
138
49
169
139
19
109
79
140
80
170
110
20
50
21
81
171
141
111
51
52
142
82
112
22
172
23
53
83
143
113
173
114
54
84
174
144
24
