150
90
0
120
60
30
91
151
1
61
31
121
32
2
152
122
62
92
93
63
3
123
153
33
94
4
154
64
124
34
35
155
125
5
65
95
126
156
66
96
36
6
97
157
67
37
7
127
129
39
69
159
99
9
70
40
130
100
10
160
101
41
71
11
131
161
12
162
72
132
102
42
133
103
13
43
73
163
74
14
134
44
104
164
105
15
135
165
45
75
76
106
136
46
16
166
107
167
47
137
17
77
48
168
78
138
108
18
79
169
109
139
19
49
110
170
140
50
20
80
141
111
21
81
51
171
142
172
52
22
82
112
83
113
173
143
23
53
144
24
114
174
84
54
