90
150
60
0
120
30
61
121
91
151
31
1
152
32
2
122
62
92
93
123
3
153
63
33
94
34
64
154
4
124
35
5
155
125
95
65
126
66
96
156
6
36
7
97
67
157
37
127
99
39
159
129
69
9
130
100
10
70
160
40
101
161
71
11
41
131
162
72
132
12
102
42
43
103
73
163
13
133
104
74
134
14
44
164
45
105
75
165
15
135
46
106
166
76
16
136
77
17
107
47
167
137
168
18
48
78
138
108
109
79
169
19
49
139
140
50
170
20
80
110
81
171
51
111
21
141
52
82
112
172
22
142
143
83
113
53
173
23
144
54
24
174
84
114
