150
0
60
120
30
90
91
121
31
1
61
151
2
32
152
62
92
122
123
33
3
93
63
153
4
124
64
154
94
34
5
35
95
65
155
125
6
156
36
66
126
96
7
127
97
37
157
67
159
129
99
69
39
9
10
160
130
100
40
70
101
41
11
71
131
161
132
102
72
42
162
12
73
103
43
133
13
163
14
44
104
164
134
74
45
15
165
105
135
75
46
166
16
136
106
76
47
77
17
107
137
167
48
18
108
78
168
138
79
49
109
19
169
139
50
170
80
20
110
140
171
81
141
21
51
111
172
112
142
82
52
22
173
23
113
143
53
83
174
114
54
24
144
84
