150
30
0
90
60
120
121
151
61
91
1
31
2
32
152
122
62
92
123
3
93
153
33
63
94
64
4
34
154
124
65
35
95
155
5
125
6
66
126
96
156
36
127
97
67
157
7
37
39
129
159
69
99
9
100
160
40
130
10
70
41
11
71
101
131
161
132
102
12
162
42
72
163
13
103
43
73
133
134
14
74
164
104
44
75
105
45
135
15
165
106
166
16
136
76
46
17
167
107
77
47
137
78
18
108
168
48
138
139
49
109
169
79
19
20
110
50
170
140
80
51
171
111
81
141
21
172
112
52
22
82
142
113
83
143
53
173
23
174
84
24
144
114
54
