120
0
60
90
30
150
151
91
1
61
121
31
62
152
2
92
122
32
3
63
153
33
93
123
34
4
94
64
154
124
125
95
35
5
155
65
126
96
36
6
66
156
157
127
97
37
7
67
9
129
159
69
99
39
100
40
160
70
130
10
131
161
11
41
101
71
42
12
162
72
132
102
103
133
73
43
163
13
74
134
104
14
164
44
135
105
165
45
75
15
16
76
46
136
106
166
47
167
77
17
137
107
108
78
168
138
18
48
109
79
139
49
19
169
140
20
170
110
80
50
21
51
141
111
171
81
52
172
22
112
82
142
113
53
143
23
83
173
54
174
24
114
84
144
