120
90
60
30
150
0
1
61
91
121
151
31
2
62
122
32
92
152
63
153
123
33
3
93
94
64
34
4
124
154
95
35
155
5
65
125
156
126
66
36
6
96
7
157
97
67
127
37
99
159
39
9
69
129
160
130
70
10
40
100
161
101
41
71
131
11
132
42
162
102
12
72
43
103
13
163
73
133
14
74
164
104
44
134
165
105
15
135
75
45
46
106
16
76
166
136
167
137
17
107
47
77
78
168
138
108
18
48
49
109
139
169
79
19
170
20
140
50
80
110
111
171
141
51
81
21
142
22
112
172
52
82
83
53
23
143
173
113
114
84
54
24
144
174
